299 0
357 0
781 0
409 1
925 1
7 2
25 2
166 2
222 2
225 2
384 2
493 2
497 2
585 2
657 2
51 3
112 3
455 3
499 3
508 3
663 3
751 4
919 4
929 4
85 5
152 5
160 5
563 5
576 5
744 5
172 6
175 6
177 6
182 6
184 6
198 6
271 6
275 6
266 7
698 7
705 7
840 7
850 7
258 8
559 8
566 8
568 8
581 8
702 8
546 9
609 9
102 10
35 11
303 11
549 11
556 11
791 11
682 12
787 13
827 13
97 14
109 14
121 14
195 14
257 14
719 14
736 14
755 14
796 15
2 16
199 16
293 16
350 16
431 16
763 16
340 17
708 17
771 17
772 17
873 17
874 17
877 17
179 18
197 18
204 18
209 18
214 18
661 18
45 19
73 19
183 19
316 19
401 19
436 19
573 19
600 19
624 19
634 19
639 19
696 19
794 19
41 20
42 20
58 20
72 21
248 22
259 22
318 22
342 22
348 22
351 22
352 22
366 22
374 22
387 22
675 22
854 22
77 23
219 23
203 24
761 24
180 25
404 25
269 26
321 27
760 28
762 28
784 28
798 28
809 28
108 29
137 30
163 30
127 31
689 31
164 32
165 32
411 33
412 33
413 33
418 33
421 33
423 33
424 33
621 33
20 34
40 34
48 34
106 34
190 34
279 34
335 34
346 34
487 34
501 34
567 34
635 34
868 34
870 34
147 35
338 36
518 36
520 36
522 36
19 37
30 37
389 37
392 37
704 37
709 37
797 37
773 38
852 38
879 38
882 38
891 38
910 38
911 38
917 38
931 38
842 39
847 39
861 39
531 40
901 40
881 41
908 41
914 41
915 41
924 41
933 41
211 42
229 42
241 42
253 42
932 42
8 43
553 43
589 43
14 44
122 44
200 44
290 44
296 44
297 44
320 44
382 44
498 44
118 45
818 46
857 46
876 46
904 46
133 47
162 47
748 47
104 48
402 48
473 48
475 48
476 48
481 48
485 48
486 48
529 48
740 48
707 49
714 49
715 49
716 49
721 49
759 49
764 49
776 49
790 49
865 49
230 50
231 50
232 50
233 50
234 50
242 50
243 50
260 50
239 51
246 51
327 51
537 51
545 51
281 52
304 52
538 53
601 53
608 53
610 53
611 53
613 53
614 53
617 53
637 53
4 54
9 54
11 54
12 54
13 54
15 54
16 54
17 54
24 54
26 54
27 54
28 54
36 54
37 54
372 55
683 55
692 55
833 55
922 55
208 56
262 56
444 56
110 57
178 57
181 57
309 57
465 57
494 57
783 57
83 58
84 58
86 58
373 59
450 59
173 60
174 60
268 60
314 60
361 60
383 60
388 60
393 60
394 60
395 60
397 60
398 60
408 60
880 60
362 61
699 62
793 62
802 62
804 62
824 62
835 62
878 62
236 63
298 63
315 63
39 64
71 64
353 65
356 65
367 65
368 65
371 65
390 65
524 65
565 65
863 65
460 66
723 66
900 66
903 66
918 66
920 66
926 66
936 66
941 66
512 67
513 67
554 67
584 67
322 68
386 68
78 69
587 69
712 69
788 69
339 70
558 70
579 70
594 71
251 72
377 72
439 72
440 72
540 72
636 72
189 73
191 73
359 73
396 74
782 74
819 74
821 74
823 74
831 74
832 74
213 75
415 75
631 75
649 75
898 75
105 76
141 76
144 76
674 77
676 77
871 77
56 78
354 78
452 78
458 78
547 78
548 78
550 78
650 78
652 78
668 78
851 78
928 78
210 79
543 79
595 79
607 79
618 79
648 79
685 79
694 79
906 79
96 80
113 80
128 80
849 80
923 80
935 80
750 81
779 81
826 81
569 82
646 83
647 83
656 83
148 84
328 85
869 85
64 86
68 86
154 86
255 86
403 86
343 87
344 87
29 88
220 88
417 88
435 88
536 88
574 88
690 88
717 88
212 89
457 89
301 90
307 90
664 90
753 90
653 91
323 92
391 92
885 92
194 93
265 93
310 93
333 94
334 94
768 94
769 94
778 94
814 94
837 94
838 94
848 94
921 94
23 95
98 95
114 95
324 95
451 95
742 95
756 95
757 95
795 95
862 95
905 95
252 96
375 96
671 96
677 96
927 96
94 97
99 97
100 97
101 97
115 97
119 97
120 97
684 97
130 98
66 99
593 99
597 100
665 100
405 101
414 101
474 101
477 101
506 101
645 101
557 102
812 102
218 103
221 103
223 103
365 103
774 103
651 104
659 104
662 104
669 104
681 104
697 104
828 104
834 104
867 104
3 105
5 105
33 105
47 105
50 105
57 105
89 105
582 105
660 105
789 105
419 106
420 106
527 106
534 106
168 107
205 107
385 107
400 107
620 107
670 107
0 108
6 108
10 108
228 108
245 108
571 108
641 108
376 109
378 109
379 109
640 109
153 110
171 110
224 110
588 110
622 110
654 110
687 111
786 111
937 111
703 112
735 112
695 113
731 113
741 113
780 113
806 113
280 114
282 114
380 115
278 116
449 116
686 117
700 117
747 117
426 118
438 118
507 118
38 119
75 119
93 119
504 119
330 120
331 120
349 120
570 120
155 121
159 121
176 121
207 121
500 121
111 122
305 122
406 122
575 122
70 123
79 123
88 123
138 123
448 123
453 123
459 123
461 123
479 123
815 123
766 124
841 124
843 124
845 124
855 124
313 125
358 125
407 125
511 125
599 125
725 125
829 125
844 125
872 125
887 125
521 126
673 126
691 127
728 127
729 127
125 128
488 128
489 129
733 129
745 129
749 129
754 129
758 129
767 129
55 130
59 130
65 130
67 130
76 130
443 130
515 130
516 130
672 130
81 131
169 131
720 131
167 132
505 132
808 132
151 133
577 134
678 134
679 134
202 135
244 135
250 135
364 135
428 135
434 135
131 136
132 136
134 136
135 136
143 136
145 136
156 136
161 136
227 136
889 136
560 137
627 137
583 138
718 138
722 138
727 138
730 138
732 138
737 138
738 138
746 138
820 138
940 138
619 139
629 139
632 140
706 140
825 140
893 140
894 140
95 141
149 141
217 141
273 141
308 141
129 142
381 142
765 142
410 143
422 143
425 143
429 143
430 143
432 143
433 143
185 144
192 144
193 144
319 144
157 145
625 145
626 145
628 145
638 145
326 146
437 146
528 146
552 146
561 146
562 146
710 146
799 147
817 147
43 148
427 148
441 148
87 149
274 149
283 149
336 149
623 150
752 150
775 150
158 151
816 151
934 151
295 152
468 152
471 152
490 152
491 152
509 152
523 152
612 152
822 152
930 152
116 153
517 153
564 153
644 153
856 153
606 154
864 154
883 154
884 154
890 154
899 154
902 154
907 154
916 154
82 155
514 155
526 155
539 155
369 156
370 156
555 156
170 157
188 157
206 157
276 157
341 157
347 157
399 157
578 158
580 158
630 158
633 158
800 158
801 158
803 158
90 159
103 159
267 159
472 159
591 159
54 160
264 160
846 161
858 161
859 161
1 162
62 162
63 162
80 162
643 162
810 162
49 163
510 163
807 163
355 164
360 164
592 164
325 165
895 165
598 166
711 166
713 166
724 166
726 166
734 166
739 166
770 166
805 166
107 167
285 167
470 167
31 168
938 169
21 170
69 170
186 170
22 171
249 171
254 171
277 171
288 171
289 171
294 171
302 171
317 171
332 171
445 171
463 171
478 171
34 172
52 172
306 172
53 173
196 173
345 173
542 173
642 173
830 174
496 175
91 176
92 176
139 176
150 176
284 176
286 176
603 177
442 178
447 178
454 178
467 178
469 178
666 178
74 179
117 179
292 179
363 179
44 180
46 180
60 180
291 180
123 181
136 181
201 181
240 181
247 181
261 181
263 181
270 181
287 181
533 181
586 181
590 181
596 181
311 182
572 182
839 182
743 183
777 183
792 183
811 183
836 183
888 183
892 183
124 184
615 185
616 185
187 186
215 186
462 186
216 187
256 187
525 187
551 187
875 187
272 188
813 188
853 188
337 189
896 189
912 189
913 189
939 189
312 190
329 190
532 190
667 190
886 190
688 191
785 191
18 192
32 192
61 192
300 192
446 192
860 193
226 194
416 194
519 194
544 194
605 194
680 194
235 195
237 195
238 195
456 196
503 196
541 196
602 196
464 197
466 197
480 197
482 197
483 197
484 197
492 197
495 197
502 197
530 197
535 197
604 197
655 197
658 197
693 197
909 197
701 198
866 198
126 199
140 199
142 199
146 199
897 199
