83 0
123 0
158 0
220 0
286 0
320 0
421 0
600 0
921 0
998 0
1030 0
1065 0
1233 0
1380 0
1381 0
1441 0
1473 0
1760 0
1985 0
1994 0
2138 0
2214 0
2498 0
2720 0
2721 0
2742 0
2748 0
2838 0
3062 0
3237 0
3249 0
3279 0
3649 0
3684 0
4126 0
4220 0
4221 0
4239 0
4254 0
4848 0
4915 0
4916 0
5012 0
5210 0
5321 0
3844 1
2324 2
4302 2
905 3
2188 3
3445 3
766 4
2724 4
2608 5
1963 6
2163 6
3089 6
3632 6
3916 6
745 7
855 7
1517 7
4577 7
2181 8
3928 8
5327 8
374 9
608 9
1805 9
2091 9
3806 9
4660 9
5155 9
5345 9
3144 10
3574 10
4822 10
4935 10
4949 10
5205 10
907 11
1064 11
1135 11
1896 11
2457 11
2679 11
4787 11
1794 12
3357 12
4131 12
4159 12
4368 12
1724 13
2589 13
219 14
2468 14
104 15
1010 15
2045 15
2774 15
1512 16
3530 16
471 17
517 17
1876 17
3276 17
3515 17
4247 17
4818 17
1046 18
1053 18
1539 18
2375 18
4780 18
790 19
1479 19
2014 19
3494 19
54 20
58 20
118 20
416 20
814 20
1387 20
1688 20
2202 20
2862 20
3119 20
3374 20
4059 20
4635 20
4776 20
675 21
851 21
1286 21
2286 21
3681 21
4681 21
30 22
4939 23
641 24
1284 24
1572 24
3565 24
4704 24
4985 24
5194 24
99 25
985 25
1037 25
2701 25
3787 25
4858 25
581 26
750 26
2822 26
3278 26
3526 26
4172 26
5373 26
1158 27
4670 28
863 29
3762 29
4202 29
4487 29
4502 29
4850 29
5046 29
1394 30
2076 30
3825 30
3835 30
4809 30
3950 31
85 32
174 32
349 32
430 32
573 32
2233 32
2527 32
2871 32
2874 32
3061 32
3563 32
4051 32
4104 32
4276 32
4602 32
1826 33
2358 33
3391 33
4996 33
5255 34
5152 35
4535 36
4328 37
263 38
358 38
1954 38
2653 38
3052 38
830 39
2540 39
3580 39
3607 39
3765 39
4532 39
4772 40
47 41
243 41
395 41
446 41
660 41
683 41
708 41
948 41
999 41
1273 41
1384 41
1393 41
1976 41
2445 41
2551 41
2560 41
2616 41
2875 41
2991 41
3051 41
3187 41
3335 41
3517 41
3949 41
4139 41
4175 41
4679 41
4877 41
4947 41
4977 41
4992 41
5215 41
5292 41
738 42
994 42
1219 42
1239 42
1741 42
2879 42
3152 42
3525 42
3589 42
3855 42
4536 42
4556 42
2754 43
468 44
595 44
1034 44
1129 44
1407 44
1431 44
1452 44
1569 44
1589 44
1627 44
1813 44
2057 44
2082 44
2101 44
2376 44
2378 44
3204 44
3598 44
3780 44
3845 44
3980 44
4042 44
4149 44
4768 44
5097 44
5177 44
5305 44
5342 44
306 45
356 45
739 45
1775 45
1974 45
1978 45
2115 45
2118 45
2585 45
2957 45
3233 45
3438 45
3990 45
4722 45
4857 45
5057 45
5249 45
13 46
427 46
897 46
1621 46
1906 46
1919 46
2592 46
4357 46
1968 47
2590 47
3602 47
3926 47
139 48
1455 48
1480 48
1864 48
2989 48
3431 48
3955 48
4752 48
241 49
1485 49
1901 49
4314 49
4650 50
1089 51
2240 51
4014 51
4398 51
2296 52
4740 52
1433 53
3550 53
4399 53
474 54
4580 54
612 55
743 55
1226 55
504 56
4242 57
35 58
95 58
377 58
626 58
980 58
1316 58
1885 58
2456 58
2809 58
3216 58
4155 58
4473 58
4658 58
4900 58
5009 58
5176 58
5279 58
3381 59
4371 59
2717 60
4322 60
4770 60
61 61
4950 61
156 62
164 62
184 62
779 62
906 62
1406 62
1506 62
2253 62
2586 62
2652 62
2849 62
2961 62
3127 62
3234 62
3448 62
3584 62
3588 62
4076 62
3738 63
4804 63
412 64
414 64
661 64
787 64
918 64
1535 64
3308 64
3350 64
3366 64
3889 64
4359 65
213 66
2636 66
2676 66
2941 66
4925 66
379 67
776 67
845 67
1871 67
2920 67
182 68
575 68
601 68
640 68
892 68
1100 68
1150 68
1376 68
1421 68
1520 68
1613 68
1647 68
1652 68
1766 68
2034 68
2484 68
2747 68
2855 68
3427 68
3481 68
3625 68
3772 68
4056 68
4060 68
4099 68
4225 68
4439 68
4475 68
4680 68
4887 68
209 69
2108 69
3463 69
4378 69
4115 70
4789 70
88 71
1079 71
1638 71
1650 71
2474 72
3215 72
5227 73
5383 73
3078 74
3621 74
116 75
258 75
417 75
425 75
2447 75
3297 75
3871 75
3998 75
4713 75
239 76
694 76
1236 76
1617 76
748 77
2085 77
3837 77
3878 77
5082 77
2041 78
3558 78
3596 79
1180 80
4323 80
2460 81
730 82
3397 83
5084 83
2203 84
224 85
230 85
367 85
792 85
810 85
909 85
2073 85
2176 85
3004 85
3741 85
4025 85
4414 85
4864 85
4879 85
5326 85
5332 85
369 86
1007 86
1221 86
1697 86
1915 86
3691 86
3897 86
323 87
523 87
606 87
1162 87
2356 87
2825 87
3464 87
3531 87
376 88
11 89
27 89
78 89
162 89
186 89
409 89
480 89
509 89
545 89
564 89
667 89
678 89
679 89
682 89
689 89
734 89
811 89
826 89
868 89
889 89
993 89
1008 89
1063 89
1134 89
1144 89
1208 89
1215 89
1319 89
1518 89
1586 89
1620 89
1734 89
1798 89
1801 89
1844 89
1880 89
1888 89
1927 89
1940 89
2007 89
2028 89
2055 89
2112 89
2154 89
2189 89
2288 89
2299 89
2325 89
2363 89
2371 89
2401 89
2403 89
2411 89
2571 89
2740 89
2820 89
2847 89
2861 89
3021 89
3147 89
3245 89
3340 89
3345 89
3363 89
3379 89
3423 89
3425 89
3476 89
3489 89
3682 89
3687 89
3692 89
3719 89
3755 89
3809 89
3858 89
3900 89
3951 89
3995 89
4163 89
4197 89
4297 89
4307 89
4311 89
4426 89
4448 89
4482 89
4488 89
4490 89
4516 89
4565 89
4576 89
4582 89
4590 89
4597 89
4622 89
4684 89
4687 89
4779 89
4782 89
4829 89
4953 89
4955 89
5122 89
5185 89
5190 89
5253 89
5295 89
5349 89
5362 89
5381 89
894 90
1528 90
2258 91
2964 91
3920 91
3746 92
4496 92
5049 92
1823 93
3369 93
4362 93
519 94
735 94
850 94
1154 94
1296 94
2615 94
4527 94
4922 94
4960 94
3942 95
1073 96
1168 96
1722 96
2706 96
2734 96
2969 96
4177 96
4285 96
4689 96
5072 96
5247 96
5275 96
2341 97
2705 97
3764 97
4373 97
4456 97
4627 97
4729 97
4836 97
4943 97
5077 97
5311 97
531 98
904 98
2513 98
3405 98
3737 98
4240 98
4377 98
4855 98
5137 98
204 99
1112 99
1349 99
1461 99
1463 99
1630 99
1910 99
2093 99
2472 99
2619 99
2816 99
2922 99
2931 99
2954 99
3380 99
3663 99
3676 99
3877 99
4127 99
4255 99
4317 99
4868 99
5054 99
1114 100
2844 101
3343 101
4015 101
4397 102
2444 103
4236 103
642 104
1039 104
5350 104
3085 105
3642 105
631 106
1145 106
1670 106
2107 106
2148 106
2149 106
2437 106
2602 106
2993 106
3158 106
3411 106
3497 106
4123 106
4153 106
4161 106
4392 106
4429 106
4790 106
4811 106
4835 106
4253 107
1326 108
470 109
3091 109
4020 109
4136 109
4289 109
4778 109
1821 110
596 111
1056 111
2425 111
4008 111
1332 112
3302 112
908 113
1474 113
1541 113
3014 113
3136 113
3433 113
3662 113
3882 113
4890 113
5038 113
5132 113
2278 114
4041 114
761 115
3590 117
3954 118
1729 119
2719 120
4272 120
843 121
1657 121
1746 121
1808 121
1977 121
2086 121
2312 121
2621 121
2665 121
3102 121
3253 121
3258 121
3536 121
4013 121
4275 121
4343 121
4428 121
4874 121
1175 122
1522 122
3045 122
3167 122
3188 122
3400 122
4170 122
4232 122
4350 122
4773 122
1434 123
1819 123
1924 123
3294 123
4208 123
644 124
684 124
846 124
1197 124
1710 124
2801 124
2827 124
2887 124
3098 124
3224 124
3577 124
3686 124
3702 124
4408 124
4586 124
4798 124
3749 125
4515 125
473 126
1078 126
1742 126
1891 126
1933 126
2147 126
2201 126
3508 126
3796 126
3993 126
4639 126
4898 126
285 127
3387 127
4895 127
805 128
1825 128
3330 128
4347 128
4724 128
5141 128
5225 128
1857 129
16 130
144 130
1739 130
2902 130
3729 130
188 131
1849 131
3396 131
521 132
1581 132
3722 132
1383 133
2301 133
2351 133
4914 133
2037 134
2532 134
4080 134
4969 134
5315 134
1757 135
741 136
72 137
290 137
497 137
1404 137
4652 137
4726 137
4129 138
3669 139
4190 139
4355 139
5168 139
346 140
1388 140
2953 140
3978 140
4469 140
4554 140
1606 141
2826 141
3774 141
4251 141
4725 141
4594 142
800 143
1827 143
2368 143
2545 143
796 144
883 144
2237 144
2273 144
582 145
4264 145
242 146
1853 146
2493 146
3392 146
3398 146
3523 146
1468 147
1604 147
1306 148
713 149
2131 149
2882 149
924 150
1253 150
1317 150
3393 150
3958 150
4265 150
797 151
4057 151
4677 151
560 152
1172 152
1642 152
2709 152
3546 152
3977 152
4038 152
4168 152
4283 152
4595 152
5236 152
1249 153
1031 154
1903 154
2133 154
3389 154
3456 154
5026 154
5094 154
791 155
1177 155
1601 155
2022 155
2094 155
2303 155
2410 155
2482 155
2497 155
2836 155
3159 155
3293 155
3611 155
3974 155
4145 155
4287 155
4497 155
4585 155
4589 155
5133 155
5160 155
5198 155
193 156
5232 158
25 159
34 159
275 159
1958 159
2549 159
2904 159
3076 159
3104 159
3154 159
4144 159
4666 159
5328 159
335 160
757 160
3222 160
3488 160
3493 160
3803 160
4715 160
4837 160
235 161
1618 161
3205 161
74 162
1836 162
2983 162
4146 162
5212 162
752 163
1435 163
1093 164
1491 164
1765 164
1846 164
2687 164
2796 164
2802 164
3209 164
3712 164
4796 164
4938 164
5169 164
5334 164
1240 165
2846 165
413 166
2526 166
4600 166
5007 166
772 167
899 167
1727 167
2217 167
3442 167
3512 167
4036 167
1333 168
1608 168
3866 168
4358 168
4731 168
5053 168
888 169
1090 169
2859 169
3461 169
4383 169
4598 169
533 170
4667 170
5213 171
4435 172
2518 173
568 174
681 174
4204 174
4633 174
3033 175
3156 175
4049 175
5186 176
5303 176
167 177
494 177
789 177
1767 177
4360 177
136 178
802 178
3767 178
57 179
627 179
2898 179
3056 179
3410 179
4453 179
4632 179
942 180
1009 180
3851 180
4006 180
4158 180
4432 180
4569 180
4462 182
5091 182
4150 183
3915 184
40 185
1496 185
2248 185
2638 185
3139 185
3196 185
3283 185
3316 185
4004 186
234 187
962 187
2207 187
4268 187
5107 187
5261 187
270 188
522 188
1837 188
1923 188
2698 188
2766 188
3170 188
3235 188
3362 188
3435 188
3754 188
4033 188
4400 188
3097 189
695 190
1719 190
5367 190
4234 191
1108 192
1562 192
2267 192
3002 192
4807 192
5111 192
187 193
1345 193
2242 193
2548 193
3023 193
3867 193
4246 193
4388 193
5244 193
1206 194
4727 194
1667 195
2031 195
2208 195
2562 195
3146 195
4209 195
1764 196
3694 196
4237 196
3805 197
5074 197
15 198
24 198
68 198
73 198
143 198
268 198
398 198
405 198
555 198
620 198
632 198
651 198
655 198
705 198
721 198
727 198
777 198
964 198
1022 198
1076 198
1083 198
1098 198
1105 198
1116 198
1130 198
1291 198
1330 198
1400 198
1446 198
1523 198
1548 198
1555 198
1570 198
1610 198
1659 198
1701 198
1935 198
1962 198
1966 198
2025 198
2122 198
2151 198
2218 198
2309 198
2365 198
2380 198
2426 198
2574 198
2663 198
2758 198
2765 198
2779 198
2837 198
2946 198
3099 198
3223 198
3284 198
3399 198
3520 198
3553 198
3726 198
3827 198
4026 198
4039 198
4052 198
4065 198
4135 198
4140 198
4309 198
4354 198
4418 198
4517 198
4821 198
4906 198
4948 198
5011 198
5047 198
5069 198
5086 198
5245 198
5280 198
5299 198
5333 198
5344 198
150 199
1511 199
2262 199
3724 199
561 200
712 200
4295 200
992 201
1051 201
1251 201
1792 201
2277 201
3578 201
3898 201
4374 201
5034 201
5347 201
2678 202
3802 202
4296 202
4434 202
253 203
827 203
1991 203
2050 203
2674 203
3817 203
4031 203
4389 203
4471 203
4978 203
5068 203
4058 204
4716 204
1773 205
326 206
647 206
1146 206
1779 206
2159 206
3739 206
4095 206
4493 206
4651 206
916 207
2173 207
4244 207
5051 207
688 208
1127 208
1538 208
1973 208
585 209
1156 209
2625 209
4514 209
4721 209
4228 210
2985 211
5375 211
5032 212
276 213
861 213
912 213
1256 213
1295 213
1567 213
1568 213
1755 213
1850 213
2699 213
2762 213
3019 213
4112 213
4312 213
4442 213
4839 213
5113 213
5276 213
5346 213
2109 214
2443 214
386 215
2304 215
2355 215
3338 215
4072 215
4325 215
5265 215
707 216
915 216
1324 216
1354 216
3868 216
4824 216
5120 216
5377 217
1671 218
352 219
835 219
2857 219
2896 219
3750 219
257 220
460 220
607 220
1281 220
1949 220
2695 220
3114 220
3725 220
4854 220
3361 221
4012 221
5073 221
264 222
301 222
389 222
670 222
1571 222
2033 222
2876 222
3228 222
3413 222
4173 222
4542 222
5126 222
572 223
1329 223
3528 223
786 224
1113 224
1220 224
2892 224
5118 224
1414 225
4424 225
872 226
1612 227
2047 227
2220 227
2979 227
3236 227
3716 227
4044 227
773 228
1186 228
2354 228
2929 228
3514 228
3594 228
5150 228
1547 229
4513 229
4070 230
946 231
3181 231
1578 232
75 233
197 233
308 233
329 233
616 233
770 233
926 233
929 233
1165 233
1235 233
1639 233
1816 233
1948 233
2230 233
2557 233
2599 233
2630 233
2852 233
3193 233
3244 233
3538 233
3631 233
3714 233
3911 233
4074 233
4090 233
4230 233
4832 233
4998 233
5368 233
1997 234
2162 234
2174 234
2431 234
2830 234
3111 234
3336 234
3351 234
3820 234
3836 234
4212 234
2633 235
3430 235
2224 236
3938 236
4534 236
247 237
1386 237
1576 237
4617 237
3444 239
2398 240
2399 240
3619 240
3689 240
5075 240
4113 241
4098 242
4753 242
231 243
1988 243
2285 243
3561 243
4526 243
5089 243
537 244
314 245
646 245
1278 245
1580 245
1633 245
3291 245
3457 245
4531 245
4657 245
4867 245
5301 245
5355 245
12 246
3075 246
97 247
1088 247
2391 248
3966 248
366 249
553 249
617 249
643 249
788 249
820 249
930 249
1069 249
1505 249
2081 249
2206 249
2407 249
2642 249
2725 249
2787 249
2935 249
2940 249
3112 249
3289 249
3499 249
3627 249
3788 249
3832 249
3937 249
4395 249
4808 249
5005 249
359 250
3605 250
4093 250
4560 250
4573 250
1066 251
1373 251
1423 251
4142 251
836 252
1516 252
2127 252
2298 252
2528 252
3182 252
5268 252
3747 253
1048 254
3912 254
4990 254
5246 254
3421 255
4748 255
1036 256
2367 256
2921 256
4924 256
893 257
1828 258
2056 259
2439 259
3544 259
4167 259
5004 260
2322 261
1531 262
3491 262
191 263
2004 263
3071 263
680 264
3212 264
4249 264
393 265
428 265
821 265
1103 265
1195 265
1395 265
1417 265
1487 265
1605 265
1672 265
2044 265
2200 265
2897 265
2972 265
3259 265
3346 265
3752 265
4267 265
3637 266
4910 266
107 267
134 267
214 267
294 267
353 267
781 267
799 267
1075 267
1081 267
1288 267
1362 267
1420 267
1442 267
1470 267
1666 267
1735 267
1783 267
1890 267
2009 267
2078 267
2287 267
2311 267
2473 267
2541 267
2569 267
2654 267
2833 267
2863 267
3313 267
3341 267
3344 267
3449 267
3585 267
3612 267
3863 267
3896 267
4310 267
4506 267
4519 267
4737 267
4783 267
4786 267
4979 267
5024 267
5087 267
5287 267
493 268
760 268
1148 268
2070 268
3678 268
3706 268
4603 268
4644 268
5081 268
274 269
716 269
971 269
1437 269
2750 269
4980 269
3647 270
664 271
2538 271
2313 272
2702 272
3365 272
3624 272
147 273
728 273
1040 273
1044 273
1537 273
2564 273
2575 273
2605 273
2795 273
3243 273
3848 273
4066 273
4351 273
4607 273
4929 273
4959 273
5056 273
3342 274
333 275
623 275
1781 275
3455 275
432 276
981 276
4968 276
342 277
6 278
3211 279
3812 279
4032 279
4642 279
5285 279
1698 280
2611 280
4338 280
157 282
1839 282
2749 282
4096 282
4403 283
2227 284
1721 285
5335 285
2737 286
3913 286
325 287
969 287
1653 287
2623 287
2997 287
4761 287
4972 287
4118 288
5018 288
3310 289
368 290
448 290
837 290
1223 290
1625 290
1964 290
3568 290
2306 291
217 292
225 292
461 292
1095 292
1497 292
1832 292
1886 292
2492 292
3207 292
3473 292
3945 292
4329 292
578 293
1718 293
1921 293
2219 293
2866 293
3186 293
3217 293
3782 293
4005 293
4869 293
4878 293
5337 293
18 294
152 294
179 294
525 294
1418 294
1641 294
1680 294
1899 294
2075 294
2622 294
2690 294
3466 294
3688 294
3731 294
3856 294
4067 294
4481 294
4568 294
1050 295
698 296
2187 296
3711 296
218 297
3134 297
2869 298
3038 299
5020 299
2508 300
580 301
2510 301
3040 301
742 302
920 302
956 302
1217 302
1787 302
2243 302
2334 302
2913 302
3267 302
3549 302
4116 302
4324 302
4449 302
4484 302
4605 302
4899 302
4931 302
3135 303
4279 303
4982 303
4420 304
5273 304
250 305
768 305
769 305
1086 305
2500 305
2980 305
3268 305
3306 305
3671 305
4520 305
4641 305
5025 305
5230 305
3885 306
4819 306
939 307
3390 307
3700 307
1242 308
2601 308
3246 308
4571 308
1164 309
2023 309
1950 310
2119 310
2567 310
153 311
202 311
1266 311
1363 311
1527 311
2923 311
3155 311
4742 312
5199 312
822 313
1513 313
2732 313
3285 313
3831 313
4071 313
4207 313
3447 314
5274 315
1759 316
92 317
1942 317
2036 317
2178 317
2255 317
2280 317
2502 317
3093 317
5043 317
39 318
302 318
394 318
2413 318
4164 318
4189 318
4706 318
4718 318
4802 318
1662 319
1926 319
2071 319
3329 319
3468 319
3957 319
4027 319
4581 319
4583 319
4616 319
4991 319
5015 319
354 320
488 320
940 320
1283 320
2764 320
2886 320
2908 320
4540 320
4981 320
5021 320
1771 321
1811 321
1830 321
2840 321
3275 321
816 322
1237 322
1595 322
2767 322
2841 322
2945 322
5269 322
1000 323
3327 323
4920 323
2117 324
5361 324
2128 325
586 326
2384 326
2158 327
3513 327
4379 327
1260 328
3280 328
997 329
1068 330
4918 330
1343 331
67 332
952 332
1011 332
1356 332
1374 332
2503 332
2782 332
3759 332
5224 333
530 334
1552 334
3079 334
2103 335
4656 335
3654 336
4500 336
5121 336
373 337
391 337
3408 337
3876 337
1980 338
2083 338
2784 338
3042 338
4578 338
618 339
1339 339
2926 339
2877 340
22 341
210 341
629 341
1504 341
1788 341
3092 341
3560 341
4045 341
4125 341
165 342
677 342
3507 342
4559 342
4926 342
328 344
1006 344
2377 344
3869 344
4763 345
1784 346
2328 347
2600 347
1057 348
418 349
1185 349
4472 349
4845 349
36 350
385 350
903 350
991 350
4419 350
4794 350
3859 351
1559 352
1752 353
3070 353
3305 353
4256 353
4912 353
5271 353
1210 354
1738 354
2360 354
2587 354
3229 354
4028 354
4411 354
4649 354
5019 354
5104 354
5259 354
1703 355
1458 356
1550 356
2651 356
4774 356
4830 356
3658 357
4199 357
4614 357
5252 357
316 358
1167 358
1690 358
1705 358
1802 358
2369 358
2416 358
2583 358
3067 358
3615 358
3630 358
3667 358
4257 358
4501 358
4764 358
4989 358
5343 358
3723 359
1975 360
458 361
807 361
2001 361
2196 361
2336 361
2878 361
2994 361
3629 361
4097 361
4203 361
4459 361
4570 361
5319 361
552 362
4274 362
838 363
719 364
1270 365
1350 365
2988 365
3142 365
3225 365
3417 365
3981 365
5103 365
1542 366
1737 366
3301 366
3453 366
4194 366
5192 366
1824 367
3492 367
876 368
2291 368
3976 368
4873 368
604 369
870 369
1024 369
2566 369
2610 369
4231 369
4252 369
4367 369
1584 370
1992 370
2406 370
3426 371
5139 371
3904 372
26 373
180 373
256 373
697 373
2448 373
5156 373
652 374
1776 374
4596 375
3238 376
3516 376
3753 376
4803 376
5140 376
1495 377
2909 378
372 379
1347 379
1367 379
1622 379
2064 379
2487 379
3095 379
3121 379
3815 379
3994 379
4791 379
5144 379
527 380
1475 380
2099 380
2546 380
2808 380
3358 380
3419 380
3483 380
3655 380
4091 380
4165 380
4696 380
4730 380
4817 380
4893 380
4944 380
5092 380
5370 380
3910 381
1045 382
1147 382
1478 382
2867 382
5348 382
222 383
400 383
1493 383
1768 383
198 384
621 384
965 384
970 384
1191 384
1424 384
1684 384
1955 384
2353 384
2815 384
2919 384
3055 384
3751 384
4107 384
4151 384
4188 384
4611 384
4799 384
4951 384
5036 384
5243 384
4340 385
3972 386
1952 387
4235 387
5312 387
598 388
4896 388
536 389
1777 389
1831 389
2499 389
2577 389
3555 389
4618 389
5325 389
1881 390
2455 390
2529 390
4592 390
4735 390
3008 391
5099 391
5145 391
5310 391
226 392
112 393
911 393
2693 393
332 394
1860 394
1931 394
2204 394
3988 394
4046 394
5085 394
526 395
4299 395
5235 395
515 396
746 396
2039 396
3174 396
1761 397
3892 397
3982 397
406 398
1396 398
1488 398
4971 398
5366 398
244 399
1743 399
3016 399
628 400
744 400
1152 400
1201 400
1467 400
1508 400
1561 400
2272 400
2697 400
2700 400
3409 400
3608 400
4186 400
4507 400
4889 400
5050 400
5106 400
5178 400
5207 400
5211 400
5263 400
309 401
439 401
975 401
1668 401
1987 401
2441 401
2476 401
2628 401
2710 401
2881 401
3169 401
4301 401
29 402
65 402
1041 402
1745 402
2226 402
3015 402
3967 402
4094 402
4460 402
5127 402
5201 402
584 403
1209 403
2858 403
4927 403
5105 403
5123 403
2141 404
2495 404
3441 404
5002 404
1047 405
1059 405
1636 405
1970 405
3979 405
4273 405
4838 405
1951 406
408 407
2418 407
5076 407
1483 408
1529 408
2759 408
3968 409
1895 410
4415 410
2818 411
5380 411
557 412
1028 412
1029 412
1254 412
2276 412
3776 412
3999 412
4001 412
4672 412
2006 414
3247 414
3349 414
46 415
485 415
813 415
1054 415
1124 415
1397 415
2179 415
2944 415
4241 415
4604 415
166 416
542 416
1533 416
2042 416
2125 416
3368 416
3705 416
3989 416
4011 416
4079 416
4269 416
4882 416
5129 416
3668 417
5142 418
1477 419
2949 419
4321 419
2486 420
177 421
3026 421
4433 421
4954 422
1313 423
885 424
1439 424
1574 424
2576 425
1626 426
2019 426
2339 426
4833 426
305 427
2264 427
4941 427
1833 428
3656 428
3677 428
4820 428
1004 429
1058 429
1731 429
2984 429
281 430
803 430
919 430
1532 430
2536 430
3175 430
3659 430
4339 430
4693 430
5079 430
5167 430
2135 431
2284 431
3428 431
508 432
856 432
878 432
938 432
1290 432
1686 432
2505 432
2547 432
3414 432
3522 432
3914 432
4258 432
4678 432
4930 432
5114 432
1074 433
3355 433
4110 433
732 434
983 434
2873 434
3118 434
4492 434
2405 435
3416 435
3873 435
4369 435
1624 436
1257 437
1709 437
2912 437
4213 437
977 438
2048 439
5365 439
106 441
149 441
381 441
817 441
953 441
1014 441
1019 441
1061 441
1472 441
1870 441
1878 441
1928 441
1938 441
1943 441
2680 441
2769 441
2845 441
2885 441
3074 441
3151 441
3231 441
3401 441
3720 441
3771 441
4124 441
4288 441
4510 441
5262 441
648 442
736 442
2389 442
2755 442
3172 442
3653 442
4504 442
4934 442
307 443
1348 443
2153 443
2643 443
3208 443
3645 443
4444 445
4860 446
3286 448
1809 449
200 450
410 450
832 450
1272 450
1471 450
1944 450
2021 450
236 451
1119 451
1271 451
2903 451
3830 451
4245 451
4795 451
4995 451
2182 452
4662 453
2348 454
3163 454
3432 454
3948 454
4402 454
5040 454
5371 454
155 455
437 455
849 455
1934 455
2095 455
2241 455
2289 455
3000 455
3359 455
3799 455
3822 455
4215 455
5338 455
514 456
2670 456
3961 456
4224 456
5257 456
603 457
666 457
2981 457
317 459
1232 459
1294 459
1793 459
3360 459
4029 459
4088 459
4872 459
1614 460
1972 460
3652 460
3907 460
4574 460
4738 460
5017 460
2209 461
370 463
671 463
784 463
2231 463
3162 463
3479 463
3503 463
3834 463
4387 463
4709 463
5179 463
1707 464
2420 464
5003 465
5030 465
491 466
1525 466
4505 466
4610 468
1754 469
478 470
3543 470
5200 470
3373 471
2728 472
4757 472
90 473
1390 473
2609 473
4691 473
466 474
1077 474
1660 474
2511 474
3382 474
4937 474
284 475
344 475
2333 475
2523 476
3271 476
1161 477
1432 477
1656 477
1894 477
1971 477
2711 477
2778 477
2828 477
3713 477
3798 477
3970 477
4443 477
5037 477
357 478
541 478
753 478
1293 478
1456 478
2843 478
2971 478
3034 478
3545 478
3872 478
4380 478
4579 478
5029 478
1499 479
1322 480
5065 480
1026 482
1937 482
3027 482
812 483
3115 483
756 484
2554 484
879 485
1558 485
2568 485
3066 485
3184 485
865 487
967 487
1918 487
2839 487
709 488
3983 488
1960 489
1521 490
3201 490
3254 490
4543 491
2890 492
4010 492
185 493
1459 493
3248 493
3728 493
4407 493
4744 493
312 494
464 494
1143 494
3030 494
3063 494
3296 494
4068 494
4226 494
4673 494
4851 494
3650 495
3922 495
544 496
2727 496
4550 496
3054 497
3839 497
3973 497
4480 497
2572 498
3502 498
978 499
5339 499
1859 500
4917 500
135 501
1481 501
2726 501
2259 502
3022 502
1265 503
3699 503
1590 504
5058 504
5138 504
2327 505
195 506
208 506
1131 506
2780 506
3634 506
443 507
1911 507
2129 507
475 508
747 508
1385 508
3220 508
4250 508
146 509
1848 509
5101 509
3547 510
127 511
754 511
2584 511
2735 511
3347 511
4636 511
131 512
132 512
663 512
1565 512
3202 512
3498 512
4710 512
706 513
1247 513
1321 513
1337 513
3707 513
3908 513
4558 513
4905 513
3331 514
818 515
2142 515
3176 515
3620 515
4191 515
4769 515
4792 515
4892 515
877 516
931 516
1005 516
3775 516
89 517
396 517
1409 517
1440 517
1882 517
2387 517
2414 517
2684 517
5388 517
109 518
289 518
512 518
674 518
867 518
887 518
1252 518
1464 518
1490 518
1611 518
2275 518
2756 518
2819 518
2973 518
3436 518
3887 518
4206 518
4567 518
4952 518
266 519
749 519
1015 519
1101 519
1450 519
1726 519
1756 519
1778 519
1892 519
1930 519
2453 519
2558 519
2814 519
2891 519
3292 519
3487 519
4335 519
4615 519
4723 519
4750 519
80 520
2974 521
1091 522
3141 522
4292 523
1412 524
3046 524
3191 524
3696 524
4180 524
5039 524
64 525
207 525
457 525
549 525
599 525
722 525
1318 525
1429 525
1646 525
2074 525
2160 525
2198 525
2257 525
2337 525
2911 525
3240 525
3591 525
3701 525
4082 525
4185 525
3510 526
4385 526
103 527
1648 527
1665 527
2810 527
3756 527
4797 527
4988 527
360 528
4695 528
45 529
311 529
1674 529
2995 529
3697 529
4016 529
4734 529
5159 529
467 530
1136 530
3101 530
50 531
3838 531
4593 531
5100 531
175 532
528 532
529 532
831 532
1094 532
1102 532
1593 532
1873 532
1904 532
1922 532
1959 532
2096 532
2177 532
2798 532
2996 532
3032 532
3567 532
3626 532
3660 532
3695 532
3708 532
4306 532
4410 532
4465 532
4483 532
4608 532
4814 532
4909 532
4987 532
5090 532
5228 532
5329 532
5352 532
4669 533
854 534
2424 534
2604 534
2671 534
2669 535
2419 536
4298 536
4875 536
543 537
1402 537
2821 537
3125 537
4260 537
591 538
1033 538
1916 538
3255 538
4138 538
2471 539
3861 539
3992 539
2573 540
974 541
84 542
382 543
1336 543
3480 543
4975 543
5354 543
1598 544
3969 544
535 545
2544 545
2777 545
361 546
886 546
996 546
1287 546
1352 546
2594 546
2986 546
4019 546
4852 546
659 547
1027 547
1280 547
1282 547
2152 547
2582 547
2682 547
2864 547
4361 547
4372 547
5300 547
5389 547
2263 548
4648 549
319 550
1422 550
2853 550
3744 550
4846 550
551 551
1194 551
4766 551
1178 553
1632 553
4262 554
2649 555
1399 556
2914 556
913 557
5035 557
17 558
1564 558
2359 558
2530 558
2561 558
3057 558
3925 558
4282 558
4530 558
1460 559
2261 559
2436 559
3792 560
3959 560
1677 561
2053 561
2374 561
2785 561
5204 561
3353 562
192 563
1049 563
2835 564
3797 565
3940 565
4781 565
4785 565
5022 565
5070 565
794 566
804 566
1649 566
1723 566
1748 566
2992 566
3674 566
4101 566
4193 566
4683 566
5203 566
765 567
3854 567
815 568
2789 568
3924 569
2052 570
2718 570
3260 570
3323 570
3475 570
4086 570
4445 570
4544 570
5340 570
3025 571
5063 571
5218 571
3795 572
1001 573
1120 573
1315 573
4404 573
5306 573
984 574
4178 574
5010 576
293 577
1299 577
3072 577
4870 577
5031 578
2124 579
4957 579
5241 579
3277 580
388 581
1285 581
1872 581
1914 581
3766 581
4277 581
5006 581
160 582
1419 582
2900 583
3572 583
5196 584
1214 585
2114 585
2136 585
2340 585
2469 585
3474 585
3823 586
390 587
932 587
1035 587
1212 587
2089 587
2423 587
2966 587
3420 587
5028 587
5341 587
125 588
960 588
1609 588
1678 588
1856 588
2402 588
2409 588
2581 588
2811 588
3242 588
3317 588
3407 588
3931 588
3965 588
4333 588
108 589
237 589
303 589
538 589
1080 589
1193 589
1277 589
2213 589
2627 589
2960 589
3295 589
5027 589
5233 589
1804 590
1879 590
1961 590
3356 590
3794 590
4179 590
4623 590
4840 590
199 591
2603 591
3943 591
4552 591
1822 593
4174 593
4223 593
1182 595
1637 595
4081 595
4391 595
1355 596
687 597
1430 597
3975 597
71 598
1328 598
1510 598
4375 598
4563 598
4908 598
482 599
189 600
288 600
881 600
1551 600
2319 600
2451 600
4881 600
503 601
1908 601
4294 601
5165 601
420 602
2673 602
3376 602
574 603
759 603
1139 603
1334 603
1676 603
2632 603
2667 603
2842 603
3129 603
3185 603
4533 603
4588 603
5052 603
2730 604
3388 604
2480 605
3665 605
4861 605
55 606
4284 607
1160 608
70 609
240 609
273 609
1173 609
1403 609
1986 609
2193 609
2614 609
3321 609
3864 609
4000 609
4238 609
4308 609
4584 609
4719 609
1106 610
1202 611
3641 611
3721 611
4967 611
10 612
119 612
645 612
995 612
1246 612
1344 612
2868 612
3084 612
3199 612
3496 612
3996 612
4313 612
4640 612
4940 612
1410 613
2666 613
2696 613
5045 613
2531 614
4319 614
866 615
1733 615
2000 615
2470 615
3261 615
5290 615
1110 616
1157 616
3270 617
3470 617
2249 618
3177 618
3195 618
3562 618
774 619
5078 619
2449 620
3047 620
4485 620
435 621
2011 621
2164 622
86 623
183 623
334 623
445 623
976 623
1188 623
1762 623
1797 623
1877 623
1887 623
2417 623
2462 623
2990 623
3153 623
3824 623
3909 623
3986 623
4152 623
4356 623
4409 623
4477 623
4553 623
4751 623
4901 623
5229 623
5277 623
5359 623
2016 624
1482 625
1907 625
1996 625
4522 625
4994 625
5157 625
3050 626
566 627
1092 627
2478 627
3727 627
1204 628
2535 628
3192 628
3210 628
4634 628
4 629
577 629
1341 629
2658 629
291 630
546 630
592 630
1244 630
3064 630
3081 630
4266 630
4631 630
4675 630
693 631
2998 631
3952 631
1717 632
3018 632
3518 632
3532 632
3804 632
81 633
351 633
1469 633
1545 633
1897 633
2279 633
3680 633
4866 633
5195 633
656 634
1038 634
1122 634
1445 634
1790 634
2065 634
2239 634
2346 634
2773 634
3636 634
3934 634
3997 634
4349 634
4446 634
4572 634
4587 634
4813 634
4973 634
5284 634
105 635
1820 635
2650 635
3779 636
1121 637
4023 637
31 638
93 638
173 638
481 638
567 638
650 638
665 638
676 638
764 638
782 638
1133 638
1151 638
1342 638
1428 638
1644 638
2168 638
2256 638
2372 638
2446 638
2463 638
2555 638
2626 638
2640 638
2655 638
2691 638
2745 638
2753 638
2800 638
2978 638
2987 638
3145 638
3883 638
4102 638
4259 638
4331 638
4509 638
4528 638
5125 638
5220 638
5234 638
5307 638
3123 639
4062 639
614 640
1514 640
2323 640
3001 640
3460 640
141 642
701 642
1635 643
2102 643
5281 643
502 644
2386 645
5171 645
1292 646
1416 646
1902 646
2438 646
3485 646
1947 647
269 648
298 648
602 648
793 648
1099 648
1118 648
1425 648
1544 648
1583 648
1945 648
2051 648
2205 648
3029 648
3226 648
3469 648
3587 648
4512 648
4661 648
4690 648
4923 648
5149 648
5293 648
492 649
1448 649
271 650
350 650
365 650
383 650
828 650
1128 650
1258 650
1289 650
1905 650
1969 650
2046 650
2060 650
2496 650
2634 650
3006 650
3230 650
3232 650
3582 650
3790 650
3932 650
4363 650
4771 650
4904 650
2813 651
3319 651
4243 651
2013 652
3761 652
848 653
3537 654
4529 655
1865 656
3465 656
5278 656
2948 657
3183 657
4119 657
565 658
593 658
714 658
901 658
1654 658
2295 658
2383 658
2757 658
3213 658
5061 658
2522 659
3088 659
3299 659
3404 659
3477 659
5062 659
989 660
4103 660
429 661
839 661
1218 661
1250 661
1327 661
1588 661
1634 661
1744 661
1874 661
1883 661
2035 661
2194 661
2553 661
2662 661
2850 661
2951 661
3065 661
3486 661
3570 661
3921 661
4451 661
4806 661
937 662
1325 662
2686 662
4021 662
2685 663
2788 663
3003 664
3086 664
19 665
550 665
944 665
1712 665
2002 665
2026 665
2191 665
3422 665
3451 665
3768 665
4503 665
4628 665
4849 665
4921 665
5116 665
5309 665
5363 665
426 666
1675 667
3881 667
1795 668
203 669
1013 669
2335 669
3126 669
3214 669
4002 669
4219 669
4518 669
945 670
1025 670
4539 670
690 671
740 671
726 672
1199 672
1378 672
2331 672
2364 672
2607 672
3100 672
4037 672
4353 672
4816 672
597 673
771 673
2906 673
299 674
949 674
2244 674
2049 676
3303 676
3902 676
1003 677
228 678
1640 678
3190 678
3377 678
5096 678
5385 679
60 680
223 680
345 680
673 680
968 680
979 680
1301 680
1500 680
1893 680
1984 680
2008 680
2079 680
2310 680
2620 680
2771 680
3043 680
3581 680
3963 680
4438 680
4489 680
4902 680
5060 680
5254 680
3757 681
957 682
4222 682
696 683
941 683
1379 683
1715 683
415 684
1353 684
1382 684
2132 684
3300 684
5174 684
2225 685
5283 685
1932 686
5130 686
4961 687
2723 688
5294 688
4541 689
702 690
1243 690
2097 690
2113 690
2292 690
2294 690
3164 690
3944 690
4176 690
4318 690
4396 690
4491 690
5128 690
622 691
1704 691
1706 691
2440 691
3150 692
507 693
3307 693
4047 693
279 694
434 694
5323 694
3107 695
3326 695
3886 695
5066 695
41 696
133 696
205 696
1087 696
1137 696
1138 696
1575 696
1683 696
1770 696
1817 696
2130 696
2171 696
2591 696
2899 696
3017 696
3082 696
3105 696
4293 696
4555 696
4831 696
5147 696
5181 697
5296 697
3962 698
1141 699
3227 699
4457 699
4562 699
4788 699
4853 699
5191 699
1661 700
128 701
1453 701
3059 701
3511 701
4061 701
327 702
925 702
1582 702
1725 702
1983 702
2170 702
4956 702
914 703
1084 703
2062 703
3670 703
3826 703
4034 703
5143 703
5302 703
5313 703
2362 704
2477 704
4281 704
5013 704
1740 705
1993 705
2428 705
3616 705
3899 705
4017 705
4278 705
4466 705
4933 705
5000 705
21 706
1503 706
1851 706
2422 706
2542 706
2741 706
2763 706
3325 706
3638 706
3698 706
4416 706
4629 706
4732 706
4865 706
4089 707
7 708
53 708
336 708
556 708
824 708
1213 708
1358 708
2338 708
2491 708
2664 708
2927 708
2965 708
3020 708
3452 708
3471 708
3935 708
4069 708
4205 708
4827 708
5001 708
5182 708
5223 708
2269 709
23 710
2283 710
3593 710
3947 710
4083 710
4218 710
4823 711
1602 712
2708 712
2791 712
3801 712
4192 712
4999 712
110 713
780 713
1085 713
1476 713
2794 713
3087 713
4162 713
4599 713
2559 714
66 715
569 715
3458 715
4327 715
4427 715
4976 715
5250 715
1308 716
3385 716
341 717
2092 717
3542 717
3888 717
801 718
853 718
2184 718
2860 718
4348 718
401 719
1132 719
2683 719
2713 719
2786 719
2950 719
3733 719
3807 719
3890 719
4210 719
4337 719
4758 719
5379 719
3685 720
4548 720
1300 721
364 722
634 722
2100 722
2752 722
3679 722
4712 722
1338 723
9 724
245 724
798 724
1109 724
1311 724
1814 724
2030 724
2379 724
2629 724
3031 724
3281 724
3551 724
3683 724
3742 724
4871 724
4888 724
5318 724
1401 725
3037 725
3203 725
3583 725
3793 725
76 726
1842 726
5 727
82 727
2889 727
3781 727
300 728
339 728
668 728
1155 728
1643 728
2408 728
2524 728
2715 728
3440 728
3505 728
4800 728
5183 728
94 729
1018 729
1691 729
4703 729
1203 730
2020 730
2385 730
282 731
1304 731
2110 731
3777 731
4591 731
28 732
590 732
3533 732
2677 733
3418 733
52 734
717 734
1939 734
3415 734
4394 734
4549 734
4815 734
5023 734
1222 735
1999 735
2485 735
3124 735
3559 735
499 736
639 736
934 736
1689 736
3083 736
3614 736
4300 736
4903 736
1553 737
5221 738
500 739
2770 739
423 740
1170 740
1645 740
2215 740
2895 740
4894 740
2315 741
4891 741
4147 742
2190 743
4114 743
4521 744
1268 745
1023 746
2077 746
2116 746
2250 746
5209 746
928 747
958 747
69 748
330 748
440 748
704 748
1307 748
1920 748
2483 748
2515 748
4619 748
5112 748
5115 748
5317 748
4024 749
87 750
718 751
1359 751
1368 751
2192 751
3035 751
3597 751
3816 751
4286 751
1509 752
1536 752
3311 752
3459 752
3609 752
3715 752
322 753
4050 753
2274 754
594 755
724 755
1230 755
2743 755
2976 755
4326 755
32 756
1803 756
4048 756
77 757
142 757
858 757
1016 757
1181 757
1411 757
1658 757
1713 757
1796 757
1800 757
1898 757
2393 757
3241 757
3552 757
3748 757
4117 757
4463 757
4765 757
4946 757
49 758
783 758
1628 758
2435 758
4431 758
691 759
3024 759
3901 759
4464 759
114 760
1566 760
3564 760
4630 760
5044 760
570 761
778 761
895 762
1391 762
1484 762
1600 762
1936 762
2342 762
2488 762
2657 762
2893 762
3334 762
3370 762
3592 762
3743 762
3941 762
4271 762
4984 762
619 763
2223 763
3506 763
5151 764
1096 765
1392 766
1560 766
1843 766
1867 766
1979 766
2105 766
2332 766
2467 766
2537 766
3328 766
3403 766
4859 766
5202 766
44 767
283 767
3984 767
4405 767
4470 767
4545 767
2265 768
2429 768
2962 768
3773 768
4200 768
1732 769
2392 770
318 771
2350 771
2533 771
2631 771
3077 771
1043 772
1682 772
2314 772
2714 772
3529 772
4063 772
4970 772
963 773
1587 773
2807 773
3298 773
3784 773
4227 773
4332 773
4381 773
5188 773
51 774
259 774
304 774
1457 774
1829 774
2166 774
2415 774
3257 774
3918 774
4022 774
950 775
3439 776
3690 776
1302 777
3437 777
3566 778
516 779
1549 779
20 780
362 780
402 780
636 780
973 780
1187 780
1269 780
1702 780
1772 780
1785 780
1810 780
1855 780
2015 780
2234 780
2688 780
2744 780
3106 780
3180 780
3540 780
3644 780
4055 780
4160 780
4365 780
4390 780
4686 780
4741 780
4784 780
4842 780
5041 780
5239 780
5308 780
4538 781
4214 782
4676 783
169 784
490 784
609 784
1519 784
2330 784
3987 784
4936 784
990 785
3857 786
4229 786
96 788
472 788
3778 788
4886 788
5289 788
211 789
1427 789
1925 789
1990 789
2271 789
5197 789
2646 790
56 791
454 791
587 791
988 791
1579 791
2316 791
3519 791
3740 791
3894 791
3933 791
4054 791
4143 791
4290 791
5314 791
961 792
1577 792
1599 792
1696 792
2061 792
2381 792
2933 792
3472 792
3760 792
4035 792
4479 792
4708 792
5164 792
1198 793
4620 793
4638 793
392 794
1323 794
2111 795
2641 795
4739 795
2851 796
4508 796
2915 797
4334 797
3569 798
194 799
476 799
1619 799
5374 799
161 800
486 800
548 800
1615 800
2432 800
2520 800
2689 800
2999 800
4184 800
4698 800
5048 800
98 801
624 801
1331 801
2143 801
2320 801
1067 802
2017 802
2494 802
3504 802
4440 802
4447 802
1312 803
2481 804
2656 805
4498 805
2506 806
2918 806
1693 807
3664 807
5189 807
495 808
5166 808
43 809
5291 811
1780 812
2888 812
4705 812
3028 813
172 814
3651 814
4747 814
2733 815
3693 815
221 816
882 816
2580 817
4551 817
1371 818
1786 818
2139 818
3586 818
3732 818
4085 818
4461 818
1216 819
1234 819
2442 819
2880 819
4701 819
38 820
168 820
313 820
343 820
348 820
2005 820
2539 820
3053 820
4626 820
4707 821
4694 822
5297 822
102 823
1840 823
2613 823
5059 823
5134 823
1070 824
540 825
847 825
1998 825
2318 825
3484 825
3936 825
4646 825
4897 825
5108 825
4760 826
477 827
662 827
2126 827
3288 827
196 828
2003 828
3841 828
2156 829
4476 829
809 830
884 830
2865 830
450 831
1227 831
2183 831
2343 831
2824 832
4233 832
3672 834
215 835
378 835
562 835
1021 835
1309 835
1462 835
1694 835
2281 835
2300 835
2722 835
2829 835
2952 835
3060 835
3251 835
3613 835
4467 835
5131 835
5330 835
62 836
703 837
986 837
1123 837
1465 837
2137 837
2185 837
5387 837
5260 838
751 839
1196 839
2556 839
3044 839
3148 839
5083 839
5382 839
1200 840
610 841
1679 841
3287 841
4382 841
431 842
823 842
3068 842
3266 842
2266 844
2475 844
3367 844
3539 844
3843 844
4393 844
4674 844
2543 845
2772 845
5256 845
4007 847
532 848
635 848
700 848
795 848
902 848
947 848
1720 848
1889 848
2068 848
2236 848
2251 848
2427 848
2525 848
2637 848
2645 848
2675 848
2761 848
2928 848
3265 848
3282 848
3501 848
3535 848
3818 848
4366 848
4643 848
4645 848
4756 848
4810 848
4885 848
3165 849
4196 849
3120 850
1346 851
375 852
148 853
212 853
1153 853
2812 853
2834 853
3263 853
3860 853
5158 853
479 854
1869 854
2104 854
2854 854
3096 854
3595 854
4040 854
4003 855
1750 856
2012 856
3290 856
4546 856
5267 856
2029 857
265 858
37 859
955 859
1858 859
2942 859
4406 859
1340 860
1377 860
3012 860
4030 860
2400 861
4575 861
4974 861
3264 862
1769 863
181 864
1248 864
3337 864
4128 864
715 865
4130 866
1012 867
1854 867
2326 867
2388 867
3332 867
3372 867
4341 867
5353 867
5360 867
140 868
387 868
611 868
1556 868
2059 868
2290 868
2452 868
3140 868
3661 868
3730 868
4261 868
4474 868
4993 868
138 869
2216 869
3005 869
4659 869
4841 869
2963 870
1758 871
5055 871
2067 872
3833 872
4884 873
1436 874
2936 874
4653 874
340 875
833 876
5014 876
117 877
2635 877
121 878
1372 878
2805 878
3058 878
3554 878
5264 878
1912 879
3443 879
692 880
1563 880
1607 880
453 881
1862 881
3640 881
4121 881
825 882
1166 882
1884 882
3675 882
4342 882
246 883
255 883
449 883
520 883
1438 883
1449 883
1489 883
2317 883
2465 883
2588 883
2712 883
3010 883
3352 883
3601 883
3735 883
4077 883
4304 883
4625 883
4655 883
4907 883
5173 883
5175 883
5324 883
272 884
1507 884
2731 884
3850 884
4171 884
100 885
227 885
260 885
337 885
355 885
442 885
501 885
539 885
576 885
1060 885
1320 885
1369 885
1763 885
2069 885
2252 885
2578 885
2831 885
3116 885
3446 885
3500 885
3623 885
4106 885
4195 885
4665 885
4743 885
4844 885
5146 885
5170 885
5193 885
5282 885
5286 885
3846 886
613 887
1591 887
2659 888
3821 888
5153 888
5206 888
170 889
422 889
841 889
1305 889
1502 889
1616 889
2195 889
2329 889
2450 889
2799 889
3073 889
3354 889
3524 889
3610 889
4043 889
4450 889
4692 889
4964 889
637 890
2344 890
710 891
3785 891
630 892
1594 892
1596 892
2352 892
2373 892
2394 892
2639 892
2692 892
2729 892
3108 892
3239 892
3927 892
4100 892
4122 892
4494 892
5042 892
5322 892
324 893
4793 893
2563 894
310 895
498 895
785 895
3218 895
3221 895
3269 895
3852 895
2738 896
452 897
933 897
1020 897
1398 897
3557 897
3930 897
3939 897
4291 897
4843 897
873 898
2210 898
4664 898
1486 899
2084 899
2982 899
1261 900
2434 901
3309 902
3556 902
4700 902
363 903
1052 904
122 905
278 905
733 905
896 905
923 905
1245 905
1530 905
2121 905
2197 905
2454 905
2760 905
2803 905
3036 905
3339 905
3424 905
3478 905
3618 905
3893 905
3946 905
4702 905
1736 906
3189 907
3250 907
3704 907
137 908
201 908
455 908
558 908
842 908
1700 908
1751 908
2058 908
2397 908
2579 908
2598 908
2817 908
3117 908
5316 908
638 910
755 910
1179 910
1443 910
1454 910
2080 910
2793 910
2872 910
2970 910
3919 910
4187 910
5154 910
295 911
840 911
2593 911
3600 911
4812 911
4834 911
5219 911
115 912
654 912
711 912
725 912
775 912
900 912
1169 912
1868 912
3603 912
4422 912
5064 912
5102 912
5356 912
862 913
1592 913
1687 913
2464 913
3320 913
3482 913
3527 913
4537 913
4612 913
4862 913
5214 913
1174 914
3324 914
4320 914
4452 914
5270 914
1314 915
2901 915
3137 916
4759 916
2617 917
4762 917
844 918
1629 918
2884 918
4181 918
1032 919
1149 919
2459 919
2925 919
3157 919
3274 919
3639 919
3763 919
277 920
1747 920
2063 920
2930 920
3007 920
3314 920
3880 920
4169 920
1812 921
4754 921
5357 921
433 922
910 922
1498 922
3312 922
4364 922
5386 922
583 923
1055 923
2024 923
2123 923
2507 923
2661 923
3110 923
4109 923
4141 923
267 924
2694 924
1241 925
2848 925
4736 925
380 926
874 926
1663 926
2516 926
2894 926
2910 926
3049 926
3109 926
3606 926
3770 926
3814 926
3905 926
5272 926
252 927
1524 927
1807 927
5162 927
14 928
469 928
2307 928
3903 928
4430 928
5231 928
3657 929
4767 929
5331 930
579 931
1275 931
1835 932
2916 932
3789 932
3808 932
4942 933
1699 934
2956 934
4305 934
331 935
407 935
758 935
819 935
972 935
1142 935
1184 935
1225 935
1360 935
1664 935
1714 935
2357 935
2390 935
2396 935
2934 935
2959 935
3272 935
3628 935
3736 935
4606 935
4801 935
5110 935
5384 935
3113 936
3412 936
3643 936
3646 936
5320 936
3160 937
483 938
3964 938
4965 938
487 939
723 939
762 939
2308 939
2517 939
2707 939
3315 939
3378 939
4270 939
4668 939
5378 939
229 940
3273 940
3576 940
4945 940
171 941
890 941
1072 941
1357 941
1444 941
1852 941
1900 941
1989 941
2010 941
2027 941
2140 941
2238 941
2246 941
2597 941
2668 941
2703 941
2739 941
2768 941
3709 941
3875 941
3884 941
4092 941
4352 941
4417 941
4883 941
5180 941
5248 941
875 942
927 942
2489 942
3178 942
2479 943
3865 943
5237 943
966 944
2229 944
2349 944
3917 944
3923 944
4132 944
4156 944
5242 944
5266 944
5364 945
1540 946
3130 946
3122 947
3847 947
4423 947
4880 947
4856 948
111 949
315 949
852 949
936 949
1238 949
1543 949
1913 949
2395 949
3011 949
3384 949
3783 949
4376 949
5240 949
1515 950
4087 950
649 951
3375 951
4009 951
5187 951
2461 952
3128 952
3383 952
4613 952
4745 953
4412 954
5067 954
1192 955
1995 955
834 956
1183 956
1279 956
1405 956
1585 956
2018 956
2270 956
3348 956
4111 956
4183 956
4637 956
4717 956
4749 956
4932 956
5071 956
5369 956
287 957
2150 957
2430 957
2775 957
2947 957
3132 957
3541 957
3786 957
4564 957
5098 957
5135 957
238 958
1171 958
1231 958
1255 958
2054 958
2212 958
2345 958
2509 958
4486 958
5117 958
129 959
1965 959
2090 959
3395 959
860 960
987 960
4876 960
5119 960
2134 961
4386 961
48 962
1042 962
1573 962
3168 962
3194 962
3386 962
4157 962
4455 962
4511 962
4714 962
4828 962
1673 963
4425 963
496 964
2905 964
2977 964
4345 964
4525 964
4561 964
4963 964
5016 964
5222 965
2404 966
2883 967
2596 969
3521 969
4805 969
524 970
547 970
943 970
1264 970
1546 970
2167 970
1534 971
2550 971
42 972
1267 972
1494 972
145 973
399 973
3956 973
4495 973
4755 973
1298 974
2232 974
5124 974
130 975
296 975
731 975
763 975
880 975
1163 975
1263 975
1303 975
1375 975
1415 975
1501 975
1957 975
2038 975
2180 975
2570 975
2644 975
2781 975
2955 975
3133 975
3173 975
3402 975
3571 975
3791 975
4018 975
4120 975
4248 975
4384 975
5080 975
5217 975
5251 975
5298 975
3548 976
1730 977
3710 977
4064 977
292 978
3960 978
571 979
806 979
1408 979
2186 979
2433 979
3800 979
5095 980
5161 980
563 981
605 981
1228 981
1875 981
2088 981
4746 981
5304 981
297 982
720 982
1557 982
2366 982
3635 982
3703 982
3891 982
3953 982
5148 982
489 983
686 983
1716 983
2155 983
2222 983
3985 983
4330 983
3143 984
3200 985
4413 985
4198 986
159 987
588 987
1297 987
1389 987
1692 987
1791 987
2943 987
3622 987
3673 987
4437 987
5093 987
63 988
658 988
1159 988
2907 988
251 989
1695 990
3394 990
91 991
456 991
2172 991
2932 991
3166 991
3333 991
3406 991
4315 991
4825 991
79 992
1789 992
1799 992
1847 992
4468 993
262 994
2175 994
5226 994
178 995
404 995
917 995
959 995
2704 995
3090 995
3161 995
3633 995
232 996
829 996
1062 996
1126 996
1623 996
1774 996
669 997
1554 997
2514 997
5208 997
261 998
4078 998
4084 999
3579 1000
3509 1001
4263 1001
3840 1002
2199 1003
2305 1003
216 1004
954 1004
2106 1004
737 1005
2612 1005
2917 1005
5136 1005
2 1006
2870 1006
4663 1006
8 1007
2165 1007
2268 1007
615 1008
859 1008
2098 1008
3874 1008
4105 1008
4688 1008
4928 1008
1017 1009
1929 1009
1941 1009
2716 1009
3828 1009
4137 1009
4216 1009
4826 1009
397 1010
2260 1010
3198 1010
4217 1010
4280 1010
4316 1010
4601 1010
5088 1010
1669 1011
2938 1011
3734 1011
4073 1011
857 1012
1361 1012
1917 1012
2412 1012
864 1013
1002 1013
1097 1013
1651 1013
1753 1013
2245 1013
2370 1013
2458 1013
2534 1013
3450 1013
4478 1013
5109 1013
5351 1013
444 1014
869 1014
1190 1014
1451 1014
2797 1014
2806 1014
3171 1014
951 1015
1956 1015
1366 1016
1841 1017
2490 1017
2254 1018
403 1019
459 1020
462 1020
2672 1020
2967 1020
4728 1020
3094 1021
4966 1021
5288 1021
1276 1022
248 1023
280 1023
871 1023
1310 1023
3745 1023
4336 1023
4777 1023
4986 1023
1 1024
101 1024
1681 1024
2804 1024
2856 1024
3252 1024
4182 1024
4346 1024
126 1025
447 1025
513 1025
891 1025
1335 1025
2282 1025
2382 1025
2565 1025
3495 1025
3853 1025
4303 1025
5238 1025
3929 1026
1631 1027
2321 1028
4697 1028
2937 1029
767 1030
1413 1031
4621 1031
4913 1031
151 1032
1262 1032
4523 1032
113 1033
2347 1033
2552 1033
2924 1033
206 1034
347 1034
935 1034
1082 1034
1834 1034
2618 1034
2823 1034
2939 1034
3575 1034
4775 1034
506 1035
124 1036
625 1036
1115 1036
2211 1036
2297 1036
3429 1036
4524 1036
898 1037
1981 1037
3879 1037
653 1038
1815 1038
3131 1039
4344 1040
1597 1041
2361 1041
4053 1041
4499 1041
657 1042
699 1042
1838 1042
2293 1043
424 1044
1125 1044
3206 1044
3467 1044
3573 1044
4108 1044
4624 1044
2776 1045
4962 1045
685 1046
2032 1047
505 1048
1107 1048
1176 1048
1365 1048
1370 1048
2040 1048
2043 1048
2157 1048
5336 1048
2521 1049
484 1050
729 1050
1111 1050
2247 1050
3434 1050
4133 1050
4458 1050
4647 1050
4983 1050
5358 1050
3 1051
4557 1051
176 1052
1205 1052
2146 1052
2648 1052
3138 1052
4148 1052
4201 1053
3819 1054
5172 1054
1946 1055
4919 1055
2746 1056
3364 1057
2501 1058
249 1059
463 1060
254 1061
1364 1061
1982 1061
2736 1061
3197 1061
3604 1061
233 1062
518 1062
808 1062
1117 1062
1274 1062
1728 1062
1845 1062
2681 1062
2751 1062
3009 1062
3318 1062
3371 1062
4401 1062
4711 1062
5184 1062
5390 1062
0 1063
1189 1063
2120 1063
2504 1063
2606 1063
4075 1063
4671 1063
5008 1063
1229 1065
2421 1065
3149 1065
3454 1065
4566 1065
154 1066
2466 1066
438 1067
3842 1067
190 1068
384 1068
510 1068
511 1068
1351 1068
3862 1068
3991 1068
4211 1068
4682 1068
338 1069
451 1069
1466 1069
1526 1069
1909 1069
2221 1069
2228 1069
2519 1069
2958 1069
3080 1069
3103 1069
3462 1069
3758 1069
3810 1069
3811 1069
4154 1069
4454 1069
4547 1069
4609 1069
4997 1069
5216 1069
5372 1069
1207 1070
1259 1070
1603 1070
3829 1070
5163 1071
321 1072
411 1072
559 1072
1426 1072
1749 1072
1861 1072
3039 1072
3179 1072
3718 1072
4436 1072
3304 1073
3648 1073
1655 1074
982 1075
1104 1075
2066 1075
1866 1076
1708 1077
2144 1077
3048 1077
3617 1077
3895 1077
4441 1077
5258 1077
441 1078
2595 1078
2660 1078
633 1079
1071 1079
1140 1079
1224 1079
1447 1079
1492 1079
1685 1079
2302 1079
2975 1079
3069 1079
3769 1079
4166 1079
4685 1079
5033 1079
1806 1080
1863 1080
2072 1080
2968 1080
4733 1080
4911 1080
59 1081
589 1081
3490 1082
1967 1083
3870 1083
5376 1083
2792 1084
3717 1084
33 1085
1211 1085
419 1087
465 1087
1818 1087
1953 1087
2624 1087
3813 1087
4370 1087
4847 1087
436 1088
1782 1088
2161 1088
2169 1088
2235 1088
2512 1088
2783 1088
2790 1088
2832 1088
3219 1088
3599 1088
3666 1088
3906 1088
4863 1088
4958 1088
120 1089
163 1089
371 1089
534 1089
554 1089
672 1089
922 1089
2087 1089
2145 1089
3013 1089
3262 1089
3322 1089
3534 1089
3849 1089
3971 1089
4134 1089
4421 1089
4699 1089
4720 1089
2647 1090
3041 1090
4654 1090
1711 1091
3256 1091
