4063 0
5738 0
5952 0
6893 0
7807 0
8268 0
8314 0
8603 0
8715 0
8835 0
9046 0
9320 0
9321 0
9410 0
9427 0
9675 0
9721 0
9726 0
9797 0
9812 0
9832 0
9843 0
9864 0
9962 0
10026 0
10119 0
10170 0
10171 0
10198 0
10220 0
10226 0
10263 0
10285 0
10334 0
10339 0
10363 0
10408 0
10413 0
10438 0
10442 0
10473 0
10500 0
10530 0
10573 0
10596 0
10611 0
10615 0
10622 0
10624 0
10625 0
10632 0
10647 0
10660 0
10671 0
10684 0
10688 0
10703 0
10719 0
10725 0
10742 0
10743 0
10761 0
10764 0
10767 0
10795 0
10818 0
10840 0
10860 0
10871 0
10872 0
10898 0
10902 0
10903 0
10914 0
232 1
277 1
520 1
567 1
716 1
1011 1
1449 1
1624 1
1656 1
1741 1
1779 1
2053 1
2211 1
2250 1
2635 1
2744 1
2991 1
3242 1
3337 1
3490 1
3962 1
3994 1
4087 1
4502 1
4523 1
4703 1
4878 1
5814 1
6197 1
6328 1
6385 1
6404 1
6410 1
6802 1
7212 1
7787 1
8198 1
582 2
2076 2
2837 2
3113 2
3114 2
5296 2
5508 2
5789 2
323 3
472 3
734 3
1059 3
1996 3
2199 3
2594 3
2606 3
2698 3
2988 3
3046 3
3093 3
3229 3
3342 3
3351 3
3418 3
3450 3
3542 3
3565 3
3674 3
3756 3
3787 3
3928 3
4057 3
4355 3
4446 3
4577 3
4861 3
4877 3
4987 3
5102 3
5190 3
5210 3
5454 3
5455 3
5572 3
5805 3
5958 3
6051 3
6297 3
6304 3
6534 3
6609 3
7010 3
7073 3
7138 3
7320 3
7538 3
7543 3
7596 3
7673 3
7684 3
7728 3
8008 3
8083 3
8412 3
8437 3
8649 3
8719 3
8720 3
8826 3
8842 3
8973 3
9078 3
9122 3
9195 3
9288 3
9435 3
9457 3
9507 3
9535 3
9581 3
9594 3
9598 3
9602 3
9906 3
9931 3
1974 4
9727 4
64 5
1536 5
1976 5
4349 5
4604 5
4630 5
3595 6
3642 6
7054 6
7412 6
1923 7
6480 7
7565 7
7774 7
8458 7
8959 7
8974 7
9877 7
10348 7
680 8
899 8
906 8
1445 8
1561 8
1635 8
1736 8
1877 8
2010 8
2214 8
2340 8
2908 8
3094 8
3533 8
4427 8
4697 8
7049 8
7316 8
8364 8
772 9
948 9
1067 9
1084 9
1889 9
2264 9
2271 9
2275 9
2316 9
2343 9
2819 9
3309 9
4394 9
4439 9
4647 9
4653 9
6068 9
6142 9
6425 9
6636 9
6714 9
7529 9
8450 9
9045 9
10219 9
10629 9
10802 9
406 10
4285 10
5071 10
5355 10
5549 10
5667 10
5729 10
5768 10
5785 10
5797 10
5807 10
5817 10
5824 10
5869 10
5873 10
5875 10
5891 10
5910 10
6157 10
7024 10
7174 10
7720 10
7721 10
7777 10
8148 10
8291 10
8348 10
9031 10
9089 10
9177 10
9337 10
9495 10
9949 10
9966 10
9982 10
10006 10
10121 10
10124 10
10130 10
10245 10
10246 10
10453 10
10454 10
10455 10
10459 10
10460 10
10475 10
10803 10
10804 10
10805 10
10827 10
10828 10
10829 10
707 11
1193 11
1712 11
2276 11
2362 11
2529 11
3086 11
3687 11
3871 11
4097 11
4100 11
6287 11
6439 11
6443 11
6876 11
6894 11
7692 11
7841 11
8063 11
9353 11
679 12
902 12
1939 12
5761 12
9967 12
255 13
571 13
1278 13
1465 13
1596 13
1669 13
2574 13
2808 13
2832 13
3015 13
3135 13
3217 13
3368 13
3407 13
3485 13
3497 13
3563 13
3625 13
3664 13
3892 13
3992 13
5184 13
5899 13
5954 13
6036 13
6147 13
6531 13
6553 13
6659 13
5611 14
7539 14
609 15
1297 15
1772 15
2265 15
2475 15
2603 15
2625 15
2679 15
3080 15
3668 15
4259 15
4279 15
4771 15
4950 15
5182 15
5266 15
5642 15
5696 15
5721 15
5835 15
6089 15
6321 15
6424 15
6773 15
6925 15
6944 15
6961 15
7145 15
7160 15
7251 15
7282 15
7293 15
7317 15
7332 15
7361 15
7619 15
8277 15
8424 15
8683 15
9053 15
9312 15
9314 15
10749 15
10750 15
7677 16
10093 16
10282 16
10283 16
10352 16
10853 16
165 17
1919 17
2399 17
2554 17
2796 17
2993 17
3246 17
3779 17
4800 17
9368 17
10582 17
67 18
74 18
117 18
126 18
192 18
213 18
218 18
223 18
240 18
246 18
278 18
314 18
324 18
331 18
364 18
374 18
388 18
397 18
432 18
699 18
709 18
765 18
855 18
933 18
981 18
1006 18
1080 18
1186 18
1197 18
1202 18
1222 18
1233 18
1409 18
1755 18
1768 18
1908 18
1926 18
1944 18
2280 18
2360 18
2369 18
2405 18
2561 18
3062 18
3179 18
3379 18
3979 18
4178 18
4207 18
4255 18
4399 18
4 19
283 19
634 19
670 19
970 19
978 19
1318 19
1374 19
1568 19
1721 19
1807 19
1808 19
1990 19
2136 19
3818 19
6663 19
958 20
4646 20
10371 20
4246 21
7809 21
8349 21
8738 21
8747 21
8783 21
9347 21
562 22
1632 22
1980 22
1991 22
2011 22
2390 22
2875 22
3753 22
4142 22
5143 22
5162 22
5501 22
5615 22
5695 22
5760 22
6476 22
6793 22
7395 22
7789 22
9409 22
10702 22
10779 22
180 23
207 23
211 23
276 23
320 23
338 23
444 23
543 23
575 23
605 23
644 23
704 23
723 23
748 23
767 23
787 23
856 23
858 23
891 23
894 23
953 23
991 23
1078 23
1092 23
1101 23
1108 23
1175 23
1314 23
1501 23
1550 23
1634 23
1686 23
1813 23
1840 23
1874 23
1886 23
1892 23
1909 23
1984 23
2109 23
2125 23
2127 23
2144 23
2183 23
2249 23
3941 23
4043 23
4231 23
4389 23
4391 23
4460 23
4548 23
4970 23
5199 23
7428 23
7958 23
9739 23
10415 23
594 24
621 24
643 24
797 24
1404 24
2368 24
2948 24
4534 24
4730 24
4772 24
4905 24
5255 24
5262 24
5293 24
5356 24
5616 24
5992 24
6042 24
6119 24
6187 24
6343 24
6365 24
6570 24
7025 24
7111 24
7225 24
7851 24
7879 24
8066 24
8201 24
8350 24
8530 24
8609 24
8805 24
8863 24
8906 24
8979 24
9119 24
9139 24
9153 24
9155 24
9156 24
9157 24
9163 24
9165 24
9166 24
9167 24
9789 24
9815 24
9841 24
10062 24
10225 24
10401 24
10446 24
10447 24
10465 24
10546 24
10577 24
10634 24
10635 24
10638 24
10639 24
10707 24
10741 24
10849 24
10889 24
10890 24
10891 24
4499 25
470 26
4360 26
5223 26
5479 26
5539 26
6859 26
6916 26
7127 26
7363 26
7751 26
7914 26
8141 26
8292 26
9372 26
9400 26
9909 26
10560 26
10561 26
497 27
888 27
1329 27
1825 27
2096 27
2235 27
2376 27
2409 27
2430 27
4388 27
5481 27
5940 27
1366 28
1441 28
1526 28
2835 28
3489 28
4350 28
5203 28
5222 28
5285 28
5398 28
6865 28
4609 29
4702 29
5693 29
7030 29
7604 29
8137 29
8545 29
9218 29
9718 29
9938 29
10190 29
10424 29
608 30
2377 30
6820 30
9559 30
9773 30
9897 30
10260 30
7556 31
7616 31
10736 31
810 32
1390 32
1761 32
2707 32
2773 32
2793 32
4524 32
4699 32
5207 32
5282 32
5415 32
6276 32
7134 32
7198 32
7203 32
7270 32
7373 32
7528 32
8449 32
4118 33
10012 33
4275 34
4802 34
5981 34
5983 34
5986 34
5987 34
5988 34
5990 34
5996 34
8328 34
8363 34
8597 34
10862 34
583 35
1008 35
1120 35
1343 35
1431 35
1676 35
1865 35
1903 35
2167 35
2645 35
3204 35
3396 35
3427 35
3693 35
3855 35
3984 35
4668 35
4923 35
5107 35
5110 35
5297 35
5474 35
5762 35
5826 35
5927 35
6062 35
6311 35
6858 35
6882 35
7041 35
7162 35
7208 35
7400 35
7598 35
7816 35
8046 35
8075 35
8104 35
8105 35
8109 35
8110 35
8113 35
8114 35
8118 35
8120 35
8480 35
94 36
110 36
114 36
343 36
409 36
461 36
463 36
544 36
627 36
924 36
950 36
955 36
1014 36
1029 36
1061 36
1119 36
1133 36
1159 36
1160 36
1188 36
1189 36
1315 36
1336 36
1361 36
1554 36
1572 36
1642 36
1660 36
1677 36
2097 36
2115 36
2179 36
2187 36
2213 36
2225 36
2326 36
2437 36
2790 36
2836 36
3173 36
4157 36
4456 36
4472 36
4477 36
4566 36
4764 36
5984 36
7229 36
6796 37
6870 37
8478 37
10224 37
662 38
2669 38
4308 38
5490 38
5890 38
5945 38
6205 38
6305 38
6366 38
6523 38
6817 38
6976 38
7063 38
7126 38
7196 38
7366 38
7511 38
7546 38
7607 38
7752 38
7973 38
8007 38
8011 38
8536 38
9026 38
9604 38
9703 38
9848 38
10052 38
10122 38
1553 39
1775 39
2329 39
2668 39
4396 39
4595 39
4619 39
4632 39
4636 39
4656 39
4709 39
4718 39
4733 39
4753 39
4777 39
5630 39
6075 39
6706 39
7498 39
8072 39
8211 39
8384 39
9329 39
2196 40
6403 40
8042 40
8313 40
8418 40
8750 40
8932 40
9384 40
9613 40
9630 40
9822 40
9868 40
10810 40
10845 40
10846 40
10847 40
10848 40
10884 40
563 41
661 41
744 41
1009 41
2177 41
2223 41
2228 41
2420 41
2462 41
2640 41
2784 41
2804 41
3023 41
3049 41
3121 41
3200 41
3430 41
3556 41
3707 41
3729 41
4066 41
4090 41
4094 41
4124 41
4243 41
4249 41
4354 41
4356 41
4531 41
4533 41
4565 41
4813 41
4871 41
4924 41
5124 41
5125 41
5155 41
5156 41
5180 41
5252 41
5291 41
5301 41
5302 41
5304 41
5353 41
5368 41
5411 41
5432 41
5464 41
5472 41
5542 41
5635 41
5896 41
5908 41
5915 41
5924 41
5955 41
5977 41
6005 41
6126 41
6198 41
6230 41
6240 41
6261 41
6265 41
6267 41
6285 41
6315 41
6363 41
6382 41
6390 41
6419 41
6441 41
6509 41
6605 41
6760 41
6903 41
6910 41
6914 41
7014 41
7064 41
7131 41
7163 41
7188 41
7205 41
7214 41
7281 41
7286 41
7335 41
7336 41
7346 41
7377 41
7482 41
7609 41
7644 41
7657 41
7689 41
7697 41
7714 41
7876 41
7896 41
7976 41
8024 41
8078 41
8081 41
8084 41
8085 41
8149 41
8284 41
8287 41
8307 41
8333 41
8339 41
8417 41
8455 41
8456 41
8608 41
8623 41
8627 41
8639 41
8645 41
8671 41
8688 41
8698 41
8710 41
8711 41
8716 41
8929 41
8937 41
8956 41
8976 41
9118 41
9176 41
9186 41
9215 41
9369 41
9375 41
9493 41
9500 41
9539 41
9541 41
9560 41
9618 41
9793 41
9870 41
9884 41
9917 41
9944 41
9950 41
9994 41
10005 41
10014 41
10065 41
10101 41
10131 41
10188 41
10296 41
10305 41
10468 41
10485 41
10540 41
10551 41
10552 41
10553 41
10554 41
10555 41
10556 41
10557 41
10864 41
10865 41
10866 41
694 42
1049 42
3096 42
3171 42
3547 42
5390 42
47 43
10851 43
22 44
10593 44
10594 44
10685 44
666 45
6370 45
7705 45
9138 45
9232 45
9767 45
9862 45
9930 45
10822 45
10823 45
253 46
610 46
2667 46
2858 46
4140 46
4161 46
4165 46
4197 46
4225 46
179 47
267 47
273 47
289 47
469 47
578 47
710 47
886 47
918 47
1004 47
1095 47
1110 47
1245 47
1557 47
1579 47
1599 47
1714 47
1734 47
1847 47
1933 47
2013 47
2117 47
2141 47
2269 47
2876 47
2992 47
3470 47
3605 47
3647 47
4330 47
4430 47
4457 47
10109 48
368 49
2969 49
3481 49
5246 49
5251 49
5384 49
8821 49
5147 50
5946 50
6416 50
6460 50
8090 50
8676 50
9028 50
9032 50
9033 50
9036 50
9038 50
9603 50
9702 50
10612 50
10661 50
10663 50
10664 50
10665 50
10666 50
10667 50
1989 51
4336 51
6201 51
6216 51
6272 51
6288 51
6296 51
6333 51
6357 51
6371 51
6380 51
6455 51
6495 51
6917 51
7108 51
8352 51
8370 51
8764 51
8813 51
8931 51
8938 51
9029 51
9301 51
9429 51
9430 51
9497 51
9643 51
9649 51
9652 51
9657 51
9660 51
9661 51
9666 51
9667 51
9671 51
9673 51
9677 51
9678 51
9680 51
9681 51
9685 51
9686 51
9687 51
9692 51
9746 51
9748 51
9750 51
9752 51
9758 51
9764 51
9765 51
9769 51
9915 51
10018 51
10021 51
10024 51
10064 51
10429 51
10440 51
10441 51
10501 51
10606 51
10607 51
10774 51
10858 51
10859 51
10861 51
727 52
731 52
1163 52
1269 52
1370 52
1446 52
1525 52
1699 52
1762 52
2281 52
2365 52
2429 52
2511 52
2700 52
3374 52
3593 52
4084 52
4111 52
5187 52
6109 52
5709 53
5956 53
6628 53
23 54
2051 54
2445 54
2812 54
3228 54
3257 54
3712 54
4462 54
4467 54
4752 54
5021 54
5054 54
5076 54
5177 54
5214 54
6032 54
6805 54
6808 54
6895 54
8690 54
596 55
1262 55
1346 55
1864 55
2802 55
3799 55
3982 55
4103 55
4131 55
4687 55
4708 55
5935 55
6078 55
6080 55
6154 55
6185 55
6540 55
6579 55
6604 55
6631 55
6888 55
7318 55
7849 55
8035 55
8040 55
8158 55
8263 55
8264 55
8725 55
9150 55
9178 55
9328 55
9710 55
10398 55
10752 55
10770 55
10857 55
6940 56
8441 56
9081 56
9086 56
9971 56
10382 56
10850 56
10855 56
10856 56
3790 57
4447 57
7530 57
7322 58
7761 58
9695 58
512 59
1023 59
2583 59
4959 59
5523 59
5537 59
5718 59
5962 59
7423 59
8169 59
10088 59
10375 59
10604 59
3759 60
5159 60
10451 60
61 61
1113 61
1423 61
1507 61
1562 61
1853 61
1972 61
2353 61
2398 61
2888 61
2954 61
2955 61
3385 61
3747 61
3836 61
3925 61
4110 61
4122 61
4294 61
4627 61
4631 61
4665 61
4719 61
4725 61
4968 61
5271 61
5417 61
5647 61
5872 61
6081 61
6093 61
6101 61
6161 61
6176 61
6376 61
6669 61
6782 61
6902 61
6915 61
7273 61
7399 61
7916 61
8037 61
8103 61
8342 61
8702 61
8729 61
89 62
536 62
1338 62
2088 62
2825 62
2891 62
6500 62
6728 62
9128 62
294 63
305 63
677 63
1045 63
1238 63
2159 63
2600 63
2612 63
2613 63
2689 63
2783 63
2907 63
2910 63
2917 63
2930 63
3314 63
3488 63
4036 63
4254 63
4444 63
4513 63
4582 63
4682 63
5300 63
5960 63
7017 63
7628 63
8994 63
398 64
2616 64
3144 64
5270 64
6966 64
7090 64
8746 64
9499 64
9924 64
6 65
14 65
358 65
1038 65
2320 65
4432 65
6130 65
6815 65
8733 65
10618 65
2749 66
4151 66
5684 66
6959 66
7698 66
9065 66
10279 66
426 67
1200 67
4128 67
4158 67
4179 67
4190 67
4195 67
4203 67
5033 67
3068 68
3639 68
3849 68
4395 68
4762 68
5911 68
6105 68
6442 68
7181 68
8006 68
8010 68
9146 68
4559 69
498 70
8101 70
8517 70
9140 70
9406 70
10027 70
784 71
1143 71
1542 71
2241 71
3798 71
6136 71
6221 71
2421 72
5409 72
7552 72
7553 72
7564 72
8361 72
9498 72
9505 72
4296 73
5245 73
5742 73
9810 73
10412 73
186 74
4337 74
6231 74
6431 74
6921 74
8966 74
5 75
39 75
308 75
920 75
945 75
1131 75
1176 75
1273 75
1537 75
1766 75
1810 75
1828 75
1935 75
2103 75
2238 75
2247 75
2292 75
2310 75
2573 75
3170 75
3192 75
3698 75
3885 75
4603 75
4614 75
4787 75
6044 75
6072 75
6235 75
6368 75
7048 75
879 76
919 76
969 76
1962 76
3915 76
4408 76
4915 76
5488 76
6874 76
7934 76
8088 76
688 77
758 77
1296 77
1823 77
2479 77
2524 77
2559 77
2628 77
2629 77
2653 77
3001 77
3059 77
3110 77
3117 77
3122 77
3146 77
3209 77
3271 77
3281 77
3308 77
3360 77
3451 77
3475 77
3620 77
3775 77
3783 77
3800 77
3865 77
3884 77
3900 77
3911 77
3989 77
3995 77
4028 77
4061 77
4069 77
4075 77
4329 77
4463 77
5678 77
5765 77
5794 77
6180 77
6312 77
6324 77
6507 77
6538 77
6595 77
6597 77
6646 77
6907 77
6964 77
7357 77
7420 77
7518 77
7750 77
7819 77
7844 77
7847 77
7888 77
8065 77
8126 77
8329 77
8588 77
8806 77
9516 77
9544 77
9566 77
9833 77
9977 77
698 78
4578 78
10197 78
10476 78
10496 78
3826 79
3887 79
4058 79
4076 79
5100 79
7687 79
7730 79
8606 79
8868 79
8941 79
9059 79
9745 79
10089 79
10383 79
10549 79
10765 79
10786 79
10820 79
2402 80
3976 80
4397 80
5089 80
6010 80
6338 80
6384 80
6392 80
6396 80
8347 80
8351 80
8554 80
9009 80
9918 80
9920 80
9922 80
10617 80
1398 81
2019 81
2040 81
4114 81
4368 81
5599 81
9503 81
407 82
706 82
868 82
962 82
989 82
1302 82
1391 82
1675 82
2017 82
2521 82
2566 82
2650 82
2652 82
2739 82
2794 82
2868 82
2879 82
2892 82
2895 82
3088 82
3091 82
3100 82
3123 82
3169 82
3224 82
3254 82
3299 82
3300 82
3304 82
3312 82
3347 82
3375 82
3403 82
3445 82
3465 82
3554 82
3597 82
3604 82
3742 82
3743 82
3758 82
3766 82
3788 82
3797 82
3857 82
3869 82
3875 82
3921 82
3959 82
3969 82
3990 82
4006 82
4024 82
4038 82
4041 82
4067 82
4077 82
4145 82
4170 82
4172 82
4177 82
4216 82
4590 82
4994 82
5121 82
5283 82
5419 82
6083 82
6087 82
6152 82
6279 82
6529 82
6550 82
6655 82
6691 82
6704 82
6705 82
6718 82
6776 82
7440 82
7872 82
8943 82
10067 82
297 83
359 83
2448 83
2520 83
3914 83
4340 83
4344 83
4853 83
4921 83
5040 83
5104 83
5112 83
6342 83
7808 83
9284 83
759 84
4273 84
5318 84
7911 84
7998 84
8274 84
8638 84
8752 84
8945 84
9668 84
9819 84
9820 84
9821 84
4377 85
6810 85
6866 85
9772 85
241 86
330 86
560 86
802 86
2054 86
4504 86
4528 86
4529 86
4545 86
5387 86
5412 86
5520 86
5843 86
6085 86
7306 86
7331 86
7434 86
7643 86
7645 86
7646 86
7647 86
7648 86
7649 86
7650 86
10235 86
10236 86
10237 86
318 87
404 87
477 87
505 87
598 87
803 87
843 87
916 87
1032 87
1094 87
1231 87
1263 87
1309 87
1316 87
1337 87
1339 87
1367 87
1372 87
1380 87
1382 87
1457 87
1460 87
1462 87
1469 87
1477 87
1520 87
1527 87
1528 87
1547 87
1574 87
1594 87
1651 87
1659 87
1670 87
1739 87
1742 87
1745 87
1752 87
1791 87
2663 87
2686 87
2724 87
3269 87
3311 87
3435 87
3550 87
3745 87
4053 87
4625 87
5233 87
5950 87
1869 88
515 89
6633 89
7950 89
9963 89
10384 89
10386 89
10482 89
10776 89
1229 90
2290 90
2780 90
3039 90
3325 90
3365 90
4876 90
5035 90
5951 90
914 91
4546 91
6303 91
8189 91
3391 92
4045 92
6450 92
7887 92
8258 92
9141 92
9635 92
9796 92
292 93
4092 93
5122 93
5524 93
5967 93
10343 93
10581 93
10787 93
10800 93
10888 93
613 94
649 94
696 94
8782 94
317 95
3318 95
3830 95
3879 95
4511 95
4579 95
4748 95
5348 95
5601 95
6239 95
6348 95
6494 95
6913 95
7003 95
7032 95
7347 95
7501 95
7520 95
7601 95
7683 95
7695 95
7798 95
7836 95
7895 95
8167 95
8174 95
8185 95
8416 95
8438 95
8567 95
8802 95
8964 95
9125 95
9179 95
9230 95
9279 95
9508 95
9514 95
9540 95
9804 95
10035 95
10137 95
10559 95
1192 96
1223 96
1235 96
1928 96
1930 96
2978 96
4824 96
5580 96
5639 96
3998 97
4240 97
4455 97
4459 97
4591 97
5535 97
5769 97
5879 97
5985 97
6050 97
10780 97
1044 98
2331 98
2786 98
2886 98
3182 98
3252 98
3516 98
3571 98
3823 98
3838 98
4016 98
5243 98
5881 98
6001 98
6034 98
6191 98
6289 98
6506 98
7083 98
7115 98
7460 98
7500 98
8294 98
8334 98
9308 98
9309 98
841 99
1589 99
1870 99
1983 99
2519 99
2599 99
2814 99
3051 99
3061 99
3070 99
3147 99
3340 99
3458 99
3755 99
4387 99
4417 99
5294 99
5444 99
5701 99
6212 99
6298 99
6345 99
7037 99
7190 99
7344 99
7606 99
9039 99
4112 100
8210 100
10600 100
10821 100
137 101
1425 101
1433 101
1500 101
2198 101
3011 101
3568 101
3760 101
4392 101
4721 101
5567 101
7409 101
427 102
449 102
771 102
974 102
1876 102
2055 102
2732 102
2817 102
2893 102
3140 102
4056 102
4669 102
5221 102
5376 102
6088 102
6114 102
6535 102
6584 102
7084 102
7862 102
8524 102
8909 102
9549 102
321 103
1221 103
1566 103
7053 103
7405 103
10108 103
669 104
838 104
872 104
1381 104
1545 104
1795 104
2140 104
2333 104
2386 104
3180 104
4370 104
4475 104
4622 104
4696 104
5186 104
5229 104
5268 104
5436 104
6339 104
7439 104
118 105
433 105
446 105
489 105
1961 105
2237 105
2779 105
2920 105
2974 105
3106 105
3190 105
3205 105
3648 105
3781 105
3993 105
4288 105
4375 105
4405 105
4433 105
4550 105
4837 105
4851 105
4868 105
4883 105
4892 105
4904 105
4913 105
4916 105
4920 105
4943 105
4949 105
4961 105
4964 105
4966 105
4972 105
4973 105
4982 105
5008 105
5020 105
5022 105
5026 105
5036 105
5059 105
5091 105
5094 105
5095 105
5099 105
5105 105
5127 105
5133 105
5139 105
9171 105
10590 105
10591 105
10592 105
6886 106
7216 106
9235 106
1949 107
2210 107
3643 107
3843 107
5399 107
5557 107
6065 107
7097 107
8171 107
8403 107
8405 107
8415 107
8651 107
8977 107
9134 107
9324 107
9333 107
9367 107
9431 107
9542 107
9592 107
9751 107
9928 107
9932 107
9933 107
9934 107
10358 107
10359 107
10841 107
4434 108
4676 108
5707 108
5914 108
7359 108
8668 108
8704 108
10583 108
10627 108
10628 108
275 109
5593 109
6569 109
7694 109
9297 109
10474 109
174 110
732 110
880 110
1161 110
1244 110
1890 110
2024 110
2208 110
2254 110
2552 110
2607 110
2743 110
2818 110
2823 110
2826 110
3057 110
3101 110
3159 110
3343 110
3414 110
3452 110
3636 110
3750 110
3907 110
3955 110
3980 110
4020 110
4230 110
4239 110
4666 110
5234 110
5382 110
5589 110
6462 110
7444 110
7451 110
1075 111
1313 111
1355 111
1459 111
1463 111
1645 111
1884 111
8256 111
654 112
1973 112
4694 112
5581 112
5713 112
172 113
329 113
352 113
480 113
533 113
1924 113
3191 113
7079 113
8454 113
9062 113
9063 113
10901 113
5316 114
5475 114
9907 114
10372 114
10817 114
348 115
837 115
1046 115
1641 115
1735 115
1781 115
2216 115
2270 115
2416 115
2770 115
3601 115
3876 115
4560 115
5379 115
5510 115
5664 115
5679 115
6063 115
6118 115
7967 115
8383 115
9307 115
591 116
1458 116
2330 116
2470 116
2546 116
2642 116
2671 116
2774 116
2795 116
2797 116
2815 116
2828 116
2866 116
2931 116
2990 116
3016 116
3040 116
3126 116
3145 116
3194 116
3202 116
3208 116
3241 116
3268 116
3441 116
3493 116
3651 116
3702 116
3860 116
3888 116
4107 116
4242 116
4289 116
4302 116
4525 116
4547 116
4740 116
4775 116
4792 116
5323 116
5361 116
5470 116
5691 116
5995 116
6190 116
6208 116
6294 116
6388 116
6399 116
6435 116
6454 116
6612 116
6763 116
6832 116
6838 116
6840 116
6852 116
6887 116
6962 116
6977 116
7098 116
7154 116
7389 116
7406 116
7414 116
7450 116
7478 116
7480 116
7492 116
7497 116
7573 116
7579 116
7582 116
7631 116
7638 116
7688 116
7700 116
7716 116
7722 116
7762 116
7829 116
7832 116
7850 116
7875 116
7942 116
7944 116
8039 116
8041 116
8049 116
8068 116
8086 116
8094 116
8180 116
8199 116
8200 116
8202 116
8213 116
8228 116
8230 116
8244 116
8245 116
8249 116
8251 116
8252 116
8282 116
8327 116
8356 116
8359 116
8442 116
8529 116
8531 116
8534 116
8547 116
8615 116
8666 116
8679 116
8763 116
8778 116
8818 116
8878 116
8948 116
8951 116
8995 116
9014 116
9015 116
9021 116
9027 116
9066 116
9070 116
9108 116
9137 116
9147 116
9162 116
9229 116
9233 116
9234 116
9238 116
9239 116
9241 116
9243 116
9244 116
9247 116
9248 116
9252 116
9255 116
9262 116
9268 116
9273 116
9275 116
9276 116
9277 116
9338 116
9356 116
9417 116
9432 116
9464 116
9543 116
9545 116
9621 116
9700 116
9704 116
9756 116
9770 116
9779 116
9839 116
9890 116
9923 116
9925 116
9961 116
10016 116
10046 116
10081 116
10154 116
10160 116
10239 116
10280 116
10288 116
10292 116
10293 116
10302 116
10328 116
10330 116
10376 116
10377 116
10420 116
10494 116
10545 116
1250 117
4541 117
5175 117
5783 117
7372 117
7547 117
8596 117
8862 117
9910 117
1970 118
5759 118
7536 118
7608 118
7626 118
8492 118
8495 118
9116 118
9120 118
9123 118
9322 118
9782 118
10422 118
10504 118
10506 118
10578 118
2488 119
5425 119
7625 119
9152 119
164 120
271 120
341 120
874 120
1493 120
2186 120
2385 120
2709 120
2720 120
2776 120
2861 120
2881 120
3213 120
3214 120
3222 120
3453 120
3476 120
3503 120
3544 120
3555 120
3786 120
3958 120
4633 120
5116 120
7283 120
257 121
310 121
620 121
685 121
778 121
779 121
809 121
885 121
903 121
954 121
960 121
990 121
1114 121
1165 121
1196 121
1993 121
1995 121
2311 121
2335 121
2380 121
2998 121
5627 121
5892 121
5964 121
6332 121
6629 121
8315 122
8849 122
8854 122
8859 122
8867 122
8875 122
8879 122
9728 122
9945 122
10043 122
10192 122
10221 122
10231 122
10338 122
10421 122
10486 122
10547 122
10548 122
10584 122
10585 122
10586 122
10700 122
10701 122
10705 122
10706 122
10723 122
10772 122
10773 122
10799 122
10824 122
10825 122
780 123
930 123
1992 123
3918 123
6029 123
6309 123
459 124
1855 124
5401 124
5591 124
5975 124
7302 124
462 125
2057 125
2373 125
2538 125
2923 125
3520 125
3671 125
4342 125
4895 125
4938 125
5002 125
5123 125
5137 125
5145 125
5360 125
6487 125
8050 125
10327 125
524 126
559 126
854 126
915 126
1841 126
5286 126
6082 126
8157 126
3264 127
3822 127
4047 127
5192 127
5732 127
6004 127
7827 127
8225 127
8401 127
8409 127
9331 127
9408 127
592 128
2419 128
4435 128
4649 128
4836 128
5254 128
8975 128
10162 128
3219 129
4563 129
8537 129
9107 129
9258 129
9391 129
9392 129
9399 129
9628 129
9633 129
9634 129
9975 129
10033 129
10040 129
10042 129
10079 129
10211 129
10762 129
10768 129
10769 129
10812 129
10869 129
10870 129
10915 129
438 130
678 130
1580 130
1883 130
3718 130
4407 130
6347 130
7206 130
8069 130
281 131
284 131
434 131
1912 131
3784 131
3834 131
4120 131
10885 131
4119 132
8619 132
9624 132
1132 133
1495 133
1619 133
1638 133
2424 133
2536 133
3569 133
3817 133
4065 133
4785 133
5394 133
1548 134
2150 134
3103 134
3216 134
4745 134
5728 134
5848 134
6995 134
7172 134
8392 134
1965 135
2087 135
2697 135
3041 135
3048 135
3596 135
4382 135
4572 135
4893 135
5001 135
5028 135
5037 135
5069 135
5080 135
5902 135
5929 135
6236 135
6615 135
7725 135
7982 135
8111 135
32 136
1136 136
3461 136
6436 136
27 137
98 137
817 137
2936 137
4189 137
4443 137
5056 137
5428 137
5787 137
6281 137
6418 137
6420 137
7919 137
8512 137
8699 137
8709 137
1249 138
2579 138
4510 138
4570 138
4767 138
5213 138
6389 138
6422 138
6598 138
6830 138
6986 138
7008 138
7324 138
8505 138
4101 139
4187 139
4217 139
10534 139
4751 140
7676 140
7715 140
8220 140
8865 140
8949 140
9184 140
9341 140
10289 140
10656 140
423 141
8389 141
9658 141
9880 141
10117 141
10488 141
10489 141
10514 141
10652 141
10653 141
10819 141
354 142
711 142
1205 142
1999 142
2318 142
2506 142
2661 142
3248 142
3389 142
3393 142
3858 142
4135 142
4194 142
4202 142
9405 142
112 143
618 143
708 143
801 143
805 143
892 143
997 143
1074 143
1183 143
1360 143
1438 143
1455 143
1703 143
2044 143
2192 143
2236 143
2363 143
2683 143
2926 143
3044 143
3078 143
3183 143
3251 143
3258 143
3285 143
3422 143
3572 143
3600 143
3624 143
3723 143
3734 143
3929 143
3935 143
4027 143
4051 143
5424 143
5633 143
5657 143
1872 144
4486 144
8586 144
9287 144
9421 144
10163 144
10341 144
10785 144
935 145
938 145
4404 145
3631 146
4598 146
4643 146
4654 146
4739 146
7461 146
9741 146
9875 146
9876 146
548 147
2160 147
5334 147
6798 147
9299 147
9730 147
9956 147
9964 147
10601 147
428 148
4620 148
5447 148
5571 148
7069 148
7120 148
7219 148
7221 148
8336 148
8838 148
435 149
2149 149
2591 149
3906 149
4115 149
4244 149
4278 149
4393 149
4537 149
4939 149
5160 149
5439 149
5716 149
6007 149
6023 149
6113 149
6325 149
6525 149
6590 149
6841 149
7065 149
7112 149
7125 149
7168 149
7435 149
7437 149
7653 149
7708 149
7966 149
7999 149
8140 149
8246 149
8254 149
8400 149
8407 149
8758 149
8781 149
8814 149
8925 149
9058 149
9169 149
9278 149
9318 149
9346 149
10281 149
3280 150
4261 150
5605 150
7592 150
7852 150
7996 150
8555 150
8846 150
8985 150
8988 150
9076 150
9502 150
9845 150
9979 150
10031 150
1426 151
2638 151
2725 151
3105 151
3410 151
3564 151
4425 151
4799 151
4845 151
4896 151
5017 151
5032 151
5086 151
5101 151
19 152
6678 152
10097 152
1820 153
2171 153
4200 153
4206 153
4209 153
4213 153
4219 153
4235 153
4241 153
166 154
625 154
998 154
1128 154
1988 154
2016 154
2982 154
2999 154
3036 154
3791 154
4164 154
5250 154
5276 154
5351 154
5421 154
5515 154
5583 154
5754 154
6059 154
6138 154
6573 154
6626 154
6848 154
6873 154
6879 154
7148 154
7157 154
7948 154
8057 154
8190 154
8238 154
8265 154
8895 154
9213 154
645 155
1257 155
1402 155
1483 155
1523 155
1726 155
3212 155
4629 155
4713 155
6028 155
566 156
2202 156
4125 156
4295 156
4305 156
4307 156
4481 156
4562 156
5154 156
5349 156
5877 156
5897 156
5906 156
5991 156
6226 156
6257 156
6308 156
6679 156
6795 156
7062 156
7117 156
7146 156
7147 156
7166 156
7170 156
7176 156
7178 156
7179 156
7186 156
7233 156
7236 156
7288 156
7290 156
7341 156
7365 156
7670 156
7863 156
7883 156
8271 156
8272 156
8426 156
8924 156
9019 156
9555 156
9768 156
9801 156
9858 156
9866 156
1144 157
1851 157
2463 157
3706 157
4778 157
4807 157
5171 157
5467 157
5512 157
6206 157
6433 157
8448 157
8581 157
8970 157
138 158
307 158
443 158
752 158
1503 158
1629 158
1639 158
1774 158
2231 158
2357 158
2451 158
2656 158
2805 158
2925 158
2932 158
3315 158
3367 158
3404 158
3540 158
3657 158
3752 158
3814 158
3839 158
4039 158
4617 158
4670 158
4712 158
4736 158
4773 158
5408 158
5503 158
5631 158
5636 158
5788 158
6099 158
6134 158
6135 158
6241 158
6284 158
6414 158
6473 158
6557 158
7563 158
7630 158
8541 158
4292 159
4304 159
4310 159
5457 159
7571 159
9105 159
9688 159
9802 159
9871 159
10464 159
3701 160
4287 160
5140 160
5587 160
6355 160
6374 160
6657 160
6777 160
7561 160
7797 160
8243 160
9350 160
9874 160
721 161
884 161
890 161
985 161
1098 161
1181 161
1616 161
1982 161
2062 161
2081 161
4489 161
5734 161
6474 161
7028 161
1247 162
2003 162
2355 162
2714 162
5750 162
6670 162
7990 162
8196 162
9096 162
9127 162
9131 162
9133 162
10100 162
10104 162
10105 162
10233 162
10598 162
10599 162
10613 162
10614 162
10893 162
10900 162
10910 162
1152 163
1567 163
1844 163
668 164
2004 164
2626 164
5161 164
5575 164
7545 164
8061 164
9290 164
9617 164
9736 164
10378 164
10380 164
106 165
1416 165
1533 165
1803 165
2504 165
2644 165
3076 165
3128 165
3505 165
3908 165
3912 165
4037 165
4478 165
5163 165
5164 165
5317 165
5493 165
5553 165
5555 165
6220 165
6542 165
6559 165
6589 165
6601 165
6675 165
6690 165
6700 165
6713 165
6720 165
6767 165
7265 165
8099 165
8552 165
9003 165
10047 165
10678 165
175 166
1021 166
1331 166
1451 166
1955 166
2441 166
2727 166
2946 166
3193 166
3206 166
3272 166
3574 166
3773 166
3776 166
3974 166
3981 166
4007 166
4021 166
4030 166
4271 166
4806 166
5278 166
5682 166
6181 166
6264 166
6320 166
6562 166
6634 166
6664 166
6741 166
6843 166
7709 166
7922 166
8170 166
8241 166
8578 166
1885 167
1954 167
2630 167
2736 167
2994 167
4073 167
4343 167
4411 167
5972 167
6077 167
6234 167
7215 167
7510 167
7740 167
7834 167
7864 167
8044 167
8115 167
8121 167
8146 167
8224 167
8494 167
8908 167
8989 167
9050 167
9442 167
9443 167
9444 167
9445 167
9446 167
835 168
1308 168
1383 168
1602 168
1661 168
4691 168
7874 168
10029 168
542 169
4635 169
5629 170
5884 170
7295 170
7897 170
8394 170
8573 170
8839 170
9025 170
9260 170
9364 170
9440 170
9451 170
10011 170
10128 170
10142 170
10895 170
1692 171
2513 171
2558 171
3541 171
3634 171
2077 172
2824 172
5681 172
5747 172
7623 172
8027 172
8785 172
9608 172
9653 172
9655 172
9663 172
9672 172
10360 172
10754 172
10755 172
10830 172
24 173
393 173
490 173
2471 173
3063 173
3199 173
3691 173
4236 173
4357 173
5197 173
5206 173
5560 173
5982 173
6207 173
6346 173
6666 173
6883 173
6928 173
7477 173
7615 173
7840 173
8218 173
8255 173
8387 173
8901 173
9447 173
9798 173
2049 174
2391 174
3937 174
4963 174
5052 174
5120 174
5264 174
5386 174
5449 174
5541 174
5808 174
5836 174
5868 174
5905 174
5922 174
6184 174
6213 174
6314 174
6833 174
6957 174
7088 174
7280 174
7343 174
7667 174
7760 174
7783 174
7986 174
8052 174
8098 174
8133 174
8143 174
8281 174
8310 174
8340 174
8395 174
8397 174
8518 174
8616 174
8664 174
8678 174
8681 174
8686 174
8697 174
8780 174
8788 174
8936 174
9054 174
9068 174
9087 174
9088 174
9219 174
9223 174
9249 174
9315 174
9387 174
9458 174
9504 174
9640 174
9650 174
9654 174
9690 174
9724 174
9743 174
9771 174
9805 174
9831 174
9849 174
9850 174
9851 174
9852 174
9853 174
9854 174
9857 174
9859 174
9948 174
9955 174
9984 174
9985 174
9988 174
9989 174
9990 174
9991 174
9995 174
9996 174
9997 174
9998 174
10002 174
10004 174
10007 174
10008 174
10076 174
10090 174
10091 174
10095 174
10111 174
10168 174
10179 174
10264 174
10312 174
10316 174
10405 174
10434 174
10437 174
10520 174
10521 174
10522 174
10523 174
10524 174
10525 174
10541 174
10562 174
10563 174
10564 174
10565 174
10566 174
10567 174
10568 174
10675 174
10716 174
10717 174
10718 174
10720 174
10721 174
10722 174
10724 174
10726 174
10727 174
10729 174
10730 174
10731 174
10807 174
10873 174
10874 174
10875 174
10876 174
10877 174
10878 174
10879 174
10880 174
10881 174
10882 174
10883 174
402 175
639 175
1327 175
3012 175
3715 175
3763 175
4414 175
4683 175
5208 175
6262 175
6421 175
6528 175
6875 175
6958 175
7011 175
7077 175
7099 175
7191 175
7239 175
7426 175
8026 175
8269 175
8451 175
8920 175
8991 175
9048 175
9110 175
9111 175
9126 175
215 176
1444 176
1948 176
2556 176
2726 176
2735 176
3043 176
3072 176
3576 176
3656 176
3684 176
3738 176
3761 176
4274 176
4378 176
4538 176
4783 176
5183 176
5185 176
5212 176
5638 176
6132 176
6444 176
6497 176
6834 176
7009 176
7407 176
7441 176
7489 176
7702 176
7718 176
7741 176
7800 176
8139 176
8165 176
8236 176
8308 176
8904 176
8986 176
5308 177
8175 177
9422 177
9953 177
63 178
274 178
595 178
877 178
1028 178
1211 178
1215 178
1281 178
1625 178
1646 178
1809 178
2035 178
2163 178
2375 178
2665 178
3187 178
3334 178
4763 178
8262 178
9899 178
506 179
510 179
1824 179
1848 179
2132 179
2261 179
2637 179
2785 179
3626 179
4782 179
7289 179
7390 179
10373 179
852 180
2155 180
5786 180
5793 180
5819 180
5840 180
5861 180
5862 180
5903 180
8644 180
8646 180
8660 180
8674 180
10094 180
10257 180
10909 180
4386 181
4638 181
6543 181
1137 182
1174 182
1287 182
1473 182
1893 182
1922 182
1969 182
2067 182
2251 182
2279 182
2315 182
2389 182
2458 182
2490 182
2587 182
2664 182
2688 182
2748 182
2752 182
2754 182
2833 182
2853 182
2862 182
2922 182
2939 182
2940 182
2964 182
3244 182
3323 182
3392 182
3431 182
3438 182
3442 182
3448 182
3455 182
3494 182
3498 182
3523 182
3685 182
3703 182
3739 182
3862 182
3867 182
3966 182
3997 182
4245 182
4326 182
4639 182
4846 182
4995 182
6169 182
6511 182
6735 182
7562 182
7867 182
832 183
1164 183
2277 183
2374 183
2423 183
4735 183
8017 183
8487 183
46 184
421 184
478 184
896 184
3108 184
4031 184
5403 184
5596 184
6485 184
1802 185
2537 185
3316 185
5057 185
5445 185
6373 185
6391 185
6415 185
6434 185
6566 185
6880 185
6996 185
7033 185
7227 185
7304 185
7308 185
7337 185
7364 185
7391 185
7610 185
8283 185
8999 185
9008 185
9189 185
9256 185
9478 185
9674 185
474 186
2481 186
3543 186
5157 186
5230 186
5279 186
6950 186
7890 186
8612 186
8670 186
8689 186
8797 186
9092 186
10139 186
10400 186
10687 186
482 187
2166 187
2627 187
3151 187
5413 187
9645 187
10342 187
6812 188
7376 188
8091 188
8093 188
9168 188
10416 188
10428 188
10659 188
10771 188
615 189
1142 189
1490 189
1543 189
1613 189
1628 189
1895 189
2145 189
2332 189
2534 189
2550 189
2777 189
3218 189
3953 189
4078 189
4726 189
4766 189
5219 189
5380 189
5706 189
5711 189
6121 189
6192 189
6635 189
7837 189
8051 189
8368 189
9698 189
10241 189
119 190
129 190
151 190
577 190
584 190
1228 190
1240 190
1481 190
1998 190
2015 190
2303 190
2551 190
2572 190
2614 190
2928 190
2944 190
2963 190
3124 190
3129 190
3130 190
3277 190
3472 190
3586 190
3649 190
3949 190
4452 190
4856 190
5612 190
5779 190
6020 190
6049 190
6426 190
6583 190
6624 190
6632 190
6780 190
6836 190
7027 190
7292 190
7572 190
8963 190
9011 190
9013 190
9363 190
589 191
1436 192
2294 192
2472 192
3793 192
4662 192
4667 192
5385 192
5674 192
5751 192
6079 192
6168 192
6665 192
6988 192
7185 192
7541 192
7748 192
7786 192
8663 192
8730 192
9257 192
1496 193
1900 193
2083 193
2135 193
2404 193
2439 193
4248 193
4300 193
5628 193
5652 193
7586 193
9913 193
10569 193
1139 194
2325 194
8019 194
8020 194
8343 194
8550 194
10381 194
10570 194
77 195
148 195
495 195
532 195
546 195
813 195
849 195
911 195
941 195
964 195
1088 195
1089 195
1093 195
1105 195
1118 195
1268 195
1290 195
1323 195
1424 195
1437 195
1440 195
1489 195
1499 195
1505 195
1529 195
1549 195
1560 195
1588 195
1592 195
1652 195
1680 195
1683 195
1701 195
1719 195
1728 195
1731 195
1743 195
1748 195
1749 195
1794 195
1806 195
1811 195
1880 195
2138 195
2201 195
2224 195
2300 195
2339 195
2344 195
2412 195
2432 195
2483 195
2494 195
2507 195
2680 195
2685 195
2761 195
2877 195
3156 195
3235 195
3346 195
3437 195
3665 195
3829 195
3840 195
4008 195
4409 195
4428 195
4453 195
4615 195
4681 195
4685 195
5043 195
5194 195
5364 195
5669 195
5677 195
6012 195
6026 195
6053 195
6096 195
6115 195
6150 195
6364 195
6599 195
6602 195
619 196
4903 196
5149 196
5976 196
6456 196
8014 196
8031 196
9002 196
10304 196
5404 197
7353 197
7955 197
8087 197
8483 197
8787 197
10049 197
10867 197
4544 198
178 199
395 199
659 199
665 199
722 199
735 199
1167 199
1443 199
1839 199
1936 199
1971 199
2206 199
2486 199
2518 199
2693 199
2701 199
2972 199
3319 199
3716 199
3724 199
3810 199
3889 199
4029 199
4221 199
4290 199
4331 199
4338 199
4363 199
4450 199
4454 199
4470 199
4717 199
4818 199
4872 199
4956 199
5051 199
5173 199
5402 199
5469 199
5538 199
5548 199
5556 199
5622 199
5655 199
5656 199
5694 199
5725 199
5733 199
5736 199
5944 199
6148 199
6151 199
6269 199
6432 199
6490 199
6504 199
6647 199
6889 199
6939 199
6980 199
6998 199
7052 199
7297 199
7794 199
7947 199
7969 199
7983 199
8016 199
8074 199
8331 199
8453 199
8474 199
8562 199
8565 199
8694 199
8754 199
8798 199
9044 199
9099 199
9222 199
9403 199
9548 199
10032 199
10793 199
10842 199
97 200
488 200
1182 200
2816 200
3050 200
3236 200
3602 200
3874 200
4034 200
4280 200
4324 200
4406 200
4532 200
4834 200
5070 200
5260 200
5263 200
5277 200
5288 200
5423 200
5443 200
5460 200
5532 200
5777 200
5820 200
5888 200
6008 200
6084 200
6203 200
6292 200
6379 200
6381 200
6501 200
6527 200
6580 200
6623 200
6643 200
6731 200
6749 200
6948 200
6994 200
7076 200
7119 200
7171 200
7201 200
7228 200
7291 200
7368 200
7471 200
7580 200
7661 200
7693 200
7858 200
7951 200
7981 200
8025 200
8073 200
8116 200
8420 200
8526 200
8593 200
8692 200
8735 200
8773 200
8793 200
8910 200
8955 200
9313 200
9496 200
9568 200
9679 200
9697 200
10055 200
10307 200
10367 200
10368 200
10369 200
10410 200
10423 200
10425 200
637 201
1104 201
1319 201
1836 201
1838 201
1867 201
2418 201
4723 201
6483 202
8706 202
8759 202
8939 202
357 203
507 203
521 203
545 203
720 203
846 203
1178 203
1468 203
1648 203
1881 203
3026 203
4602 203
4671 203
7517 203
5241 204
6408 204
6452 204
7245 204
8106 204
8341 204
8598 204
8871 204
8980 204
9343 204
9622 204
10689 204
5773 205
8150 205
10347 205
10531 205
10532 205
10533 205
10748 205
2200 206
2621 206
2705 206
2715 206
2787 206
3373 206
5584 206
5658 206
7495 206
7499 206
7690 206
7729 206
7732 206
7930 206
7957 206
7971 206
8134 206
8240 206
8357 206
8399 206
8402 206
8629 206
8799 206
9030 206
9220 206
9227 206
9254 206
9263 206
9269 206
9390 206
9662 206
9784 206
9791 206
9846 206
9872 206
9873 206
9976 206
10009 206
10039 206
10051 206
10098 206
10103 206
10228 206
10255 206
10259 206
10370 206
10402 206
10414 206
10435 206
10443 206
10502 206
10536 206
10537 206
10631 206
10708 206
10709 206
10710 206
10713 206
10777 206
10814 206
125 207
156 207
169 207
551 207
869 207
882 207
967 207
1012 207
1109 207
1354 207
1429 207
1464 207
1476 207
1631 207
1678 207
1695 207
1737 207
1783 207
2118 207
2287 207
2713 207
3364 207
3622 207
4922 207
8131 208
10430 208
946 209
1583 209
2919 209
3654 209
4491 209
4784 209
5174 209
7723 209
8267 209
9197 209
10181 209
53 210
288 210
475 210
635 210
840 210
2143 210
2580 210
2695 210
3731 210
3771 210
4672 210
4810 210
5310 210
6110 210
9190 210
261 211
811 211
1300 211
1310 211
1422 211
1452 211
1530 211
1532 211
1626 211
1637 211
1647 211
1653 211
1663 211
1672 211
1713 211
1730 211
1767 211
1773 211
1787 211
1801 211
2047 211
2233 211
2512 211
2541 211
2593 211
2666 211
2687 211
2722 211
2763 211
2781 211
2843 211
2857 211
2884 211
2937 211
2962 211
2981 211
3018 211
3031 211
3131 211
3163 211
3215 211
3233 211
3243 211
3259 211
3329 211
3401 211
3613 211
3630 211
3644 211
3675 211
3744 211
3977 211
4108 211
4737 211
4741 211
4779 211
5284 211
5381 211
6222 211
6401 211
6699 211
6881 211
7484 211
7595 211
7639 211
7912 211
7918 211
8987 211
4264 212
6920 212
8005 212
8324 212
9689 212
10167 212
10234 212
10397 212
10538 212
10539 212
10621 212
10789 212
10790 212
10791 212
10792 212
10794 212
10796 212
2523 213
2677 213
2684 213
2730 213
2996 213
3416 213
3686 213
3890 213
4083 213
7805 213
8827 213
9538 213
9927 213
9929 213
280 214
282 214
363 214
558 214
593 214
616 214
660 214
1763 214
1888 214
1934 214
2400 214
2473 214
2682 214
2791 214
2956 214
3008 214
3085 214
3095 214
3198 214
3386 214
3388 214
3483 214
3501 214
3557 214
3581 214
3585 214
3924 214
4133 214
4211 214
4220 214
4277 214
4281 214
4372 214
4381 214
4412 214
4468 214
4508 214
4552 214
4557 214
4755 214
4827 214
4838 214
4841 214
4847 214
4936 214
4940 214
4948 214
5005 214
5136 214
5188 214
5204 214
5333 214
5434 214
5496 214
5511 214
5527 214
5547 214
5558 214
5735 214
5740 214
5767 214
5795 214
5849 214
5901 214
5931 214
5934 214
6094 214
6155 214
6360 214
6383 214
6393 214
6394 214
6402 214
6437 214
6750 214
6825 214
6827 214
6862 214
6863 214
6918 214
6922 214
6979 214
6981 214
6982 214
6992 214
7068 214
7105 214
7109 214
7128 214
7136 214
7210 214
7323 214
7370 214
7521 214
7540 214
7567 214
7617 214
7724 214
7848 214
7882 214
7904 214
7995 214
8012 214
8077 214
8108 214
8162 214
8192 214
8207 214
8219 214
8302 214
8318 214
8344 214
8354 214
8362 214
8390 214
8406 214
8428 214
8436 214
8499 214
8521 214
8539 214
8553 214
8559 214
8653 214
8659 214
8717 214
8766 214
8770 214
8808 214
8841 214
8882 214
8894 214
8911 214
8962 214
8971 214
9022 214
9079 214
9114 214
9117 214
9121 214
9149 214
9159 214
9194 214
9196 214
9200 214
9228 214
9245 214
9261 214
9281 214
9348 214
9470 214
9612 214
9644 214
9705 214
9709 214
9723 214
9731 214
9753 214
9792 214
9818 214
10050 214
10059 214
10249 214
10267 214
10268 214
10269 214
10270 214
10271 214
10272 214
10273 214
10274 214
10275 214
10276 214
10277 214
504 215
790 215
1194 215
1913 215
1940 215
2101 215
2878 215
2909 215
2947 215
3253 215
3454 215
3757 215
3967 215
4136 215
4139 215
4144 215
4147 215
4148 215
4150 215
4153 215
4159 215
4160 215
4166 215
4168 215
4174 215
4176 215
4186 215
4191 215
4193 215
4196 215
4201 215
4205 215
4214 215
4215 215
4223 215
4224 215
4226 215
4227 215
4232 215
4238 215
8082 215
8346 215
8560 215
9097 215
9636 215
10526 215
10616 215
296 217
601 217
1259 217
1405 217
1484 217
1498 217
1539 217
1790 217
1920 217
2204 217
2351 217
2482 217
2539 217
2543 217
2545 217
2565 217
2595 217
2662 217
2753 217
2788 217
2822 217
2834 217
2870 217
2882 217
2970 217
3019 217
3075 217
3081 217
3097 217
3104 217
3132 217
3188 217
3237 217
3275 217
3332 217
3339 217
3446 217
3517 217
3524 217
3527 217
3566 217
3592 217
3641 217
3646 217
3650 217
3660 217
3670 217
3699 217
3748 217
3828 217
3877 217
3883 217
3964 217
4049 217
4082 217
4134 217
4297 217
4321 217
4346 217
4384 217
4521 217
4543 217
4584 217
4754 217
4760 217
4797 217
4859 217
4891 217
4918 217
5073 217
5325 217
5328 217
5446 217
5604 217
5637 217
5640 217
5813 217
6266 217
6515 217
6630 217
6719 217
6846 217
6861 217
6972 217
7259 217
7448 217
7457 217
7458 217
7474 217
7522 217
7792 217
7810 217
7814 217
8125 217
8166 217
8194 217
8223 217
8239 217
8253 217
8380 217
8566 217
8819 217
9164 217
9240 217
9251 217
10070 217
1058 218
2582 218
2899 218
2989 218
3084 218
3260 218
3381 218
3449 218
3518 218
3599 218
3688 218
5256 218
5643 218
7333 218
2043 219
3118 219
4263 219
3363 220
3963 220
4403 220
6457 220
7627 220
3439 221
5168 221
9210 221
934 222
1103 222
1394 222
1627 222
1765 222
2031 222
2694 222
2856 222
3356 222
3996 222
5530 222
7699 222
8293 222
602 223
2021 223
5812 223
6829 223
6869 223
7532 223
574 224
597 224
5249 224
5590 224
5608 224
6000 224
6978 224
7403 224
7780 224
7869 224
7927 224
7994 224
8197 224
8427 224
8907 224
9074 224
9145 224
9148 224
9300 224
9352 224
7272 225
10458 225
1348 226
3882 226
3891 226
6586 226
6807 226
6831 226
8322 226
8880 226
9010 226
9132 226
9199 226
9264 226
9270 226
9285 226
9532 226
9550 226
9556 226
403 227
1017 227
1951 227
2073 227
2205 227
2244 227
2646 227
3164 227
3655 227
3782 227
4091 227
5825 227
6091 227
6532 227
6611 227
6619 227
6673 227
6867 227
7842 227
7900 227
7925 227
441 228
690 228
749 228
753 228
820 228
883 228
1020 228
1115 228
1147 228
1234 228
1492 228
1586 228
1681 228
1789 228
1917 228
2282 228
2388 228
2407 228
4204 228
4493 228
5939 228
6330 228
5749 229
7685 229
8632 229
10 230
122 230
163 230
189 230
203 230
212 230
216 230
266 230
315 230
356 230
377 230
394 230
458 230
518 230
606 230
781 230
822 230
878 230
926 230
927 230
1071 230
1198 230
1697 230
1784 230
1932 230
2350 230
2395 230
2468 230
2632 230
2737 230
3150 230
3591 230
3909 230
3913 230
4182 230
4183 230
4640 230
9425 230
452 231
1758 231
1910 231
2050 231
2059 231
2337 231
2410 231
2484 231
3952 231
4121 231
4322 231
4421 231
4974 231
5365 231
5507 231
5619 231
6218 231
6398 231
6811 231
6819 231
6856 231
6999 231
7442 231
7506 231
7664 231
7701 231
8152 231
9266 231
9351 231
10172 231
121 232
3878 232
4835 232
4864 232
4911 232
5023 232
5066 232
5092 232
5138 232
5916 232
8038 232
8673 232
9611 232
464 233
917 233
1856 233
4436 233
6627 233
1146 234
1412 234
2309 234
3009 234
1227 235
2162 235
2246 235
4415 235
5704 235
6499 235
8022 235
8257 235
10054 235
206 236
238 236
287 236
360 236
633 236
792 236
795 236
818 236
987 236
1311 236
1325 236
1482 236
1611 236
1729 236
1732 236
1843 236
1854 236
2121 236
2134 236
2428 236
2508 236
3069 236
3369 236
4026 236
4105 236
4758 236
5330 236
4380 237
6108 237
7656 237
7859 237
8556 237
8853 237
9484 237
9803 237
10025 237
10784 237
730 238
2137 238
6056 238
6144 238
6250 238
6786 238
6904 238
8299 238
8792 238
6574 239
1248 240
1687 240
1815 240
2516 240
2728 240
3681 240
3746 240
3807 240
3947 240
4756 240
6120 240
6386 240
7668 240
5448 241
6045 241
6242 241
7654 241
8433 241
8434 241
9216 241
9295 241
10169 241
10354 241
10355 241
2489 242
5265 242
5692 242
5994 242
7418 242
10535 242
4313 243
5792 243
8640 243
8655 243
8657 243
9037 243
10610 243
1033 244
2918 244
4626 244
5521 244
5963 244
5970 244
6387 244
6762 244
6839 244
7164 244
7634 244
8235 244
8247 244
8834 244
9693 244
9905 244
9947 244
1155 245
3881 245
1508 246
3348 246
3588 246
4536 246
4746 246
8064 246
226 247
667 247
826 247
2491 247
3466 247
3725 247
4138 247
4143 247
4154 247
4180 247
4181 247
4198 247
4212 247
4237 247
11 248
4311 248
8661 248
1906 249
2112 249
3512 249
3700 249
4809 249
5536 249
5730 249
6035 249
6372 249
6648 249
6919 249
7046 249
7465 249
7467 249
7747 249
7833 249
7871 249
8076 249
8276 249
8463 249
8482 249
8533 249
8535 249
8543 249
8757 249
8873 249
8984 249
9001 249
9055 249
9057 249
9151 249
9434 249
9807 249
9887 249
10297 249
10388 249
10389 249
6828 250
8304 250
8306 250
9466 250
9472 250
10092 250
10240 250
10242 250
10477 250
10478 250
929 251
2098 251
3930 251
3933 251
3970 251
5431 251
5659 251
5815 251
7825 251
5851 252
5893 252
6277 252
6621 252
7057 252
7287 252
8015 252
8321 252
8614 252
8654 252
8669 252
8684 252
8691 252
8693 252
8705 252
8707 252
8712 252
8934 252
9214 252
9491 252
9492 252
9881 252
9893 252
9895 252
9970 252
9973 252
10115 252
10247 252
10344 252
10418 252
10419 252
10497 252
10498 252
10499 252
10509 252
10510 252
10511 252
10512 252
10602 252
10626 252
10662 252
10680 252
10832 252
10833 252
10834 252
10835 252
10904 252
10905 252
10906 252
10907 252
10908 252
366 253
410 253
415 253
420 253
517 253
675 253
740 253
1122 253
1617 253
2322 253
2560 253
3429 253
4267 253
4655 253
4749 253
4765 253
5331 253
5420 253
5551 253
5625 253
5710 253
6143 253
6204 253
6247 253
6336 253
6610 253
6722 253
6965 253
7058 253
7070 253
8100 253
8444 253
8446 253
8504 253
8507 253
8509 253
8511 253
773 254
910 254
1079 254
1096 254
1124 254
1212 254
1265 254
1282 254
1322 254
1342 254
1345 254
1378 254
1386 254
1420 254
1472 254
1491 254
1506 254
1512 254
1552 254
1569 254
1657 254
1664 254
1691 254
1724 254
1793 254
1827 254
2085 254
2195 254
2427 254
2738 254
2756 254
2887 254
3344 254
3428 254
3695 254
3819 254
4266 254
4479 254
4522 254
4553 254
4576 254
4586 254
4605 254
4623 254
4658 254
4811 254
5290 254
5383 254
5389 254
5506 254
5880 254
6158 254
6411 254
6479 254
6652 254
6653 254
6701 254
6745 254
6768 254
7248 254
7329 254
7375 254
7828 254
31 255
134 255
182 255
231 255
233 255
291 255
471 255
789 255
800 255
1279 255
1285 255
1350 255
1448 255
1842 255
2168 255
2188 255
2285 255
2617 255
3868 255
4426 255
6030 255
5494 256
5495 256
9707 256
9708 256
10461 256
10589 256
10836 256
1213 257
7515 257
7603 257
7669 257
7691 257
7717 257
8280 257
8734 257
9742 257
10340 257
10681 257
10682 257
1904 258
2061 258
2581 258
2719 258
2977 258
3220 258
3294 258
3667 258
5242 258
5418 258
5961 258
7549 258
451 259
1022 259
1439 259
1966 259
3479 259
9382 259
564 260
2293 260
5312 260
5784 260
7660 260
8595 260
8680 260
242 261
400 261
540 261
1513 261
4955 261
5497 261
8564 261
145 262
236 262
785 262
799 262
936 262
944 262
1063 262
1320 262
1388 262
1430 262
1817 262
2009 262
2190 262
2478 262
4542 262
4585 262
6159 262
6667 262
3037 263
4852 263
5953 263
8153 263
1915 264
4003 264
6911 264
7795 264
7803 264
8337 264
8338 264
9217 264
8021 265
8382 265
8589 265
9071 265
9082 265
9083 265
9437 265
9785 265
9844 265
10244 265
10391 265
10406 265
10658 265
2647 267
3247 267
4314 267
5016 267
5513 267
5554 267
6194 267
7386 267
8425 267
8685 267
632 268
693 268
3045 268
4334 268
4780 268
5392 268
5492 268
5790 268
7078 268
8568 268
8767 268
8870 268
600 269
762 269
963 269
1251 269
2046 269
2643 269
2681 269
3010 269
3014 269
3432 269
3872 269
4551 269
5169 269
5346 269
5429 269
5606 269
6252 269
7018 269
7129 269
7143 269
7436 269
7487 269
7494 269
7509 269
7632 269
7758 269
7767 269
7855 269
8112 269
8130 269
8316 269
8514 269
8571 269
8620 269
8635 269
8751 269
8881 269
8897 269
8899 269
8900 269
8903 269
8905 269
8912 269
8928 269
8969 269
9648 269
9732 269
9737 269
10319 269
975 270
2425 270
3635 270
3730 270
4979 270
5044 270
5088 270
5561 270
5737 270
7516 270
8279 270
8326 270
8497 270
2242 271
2120 272
2393 272
2477 272
3886 272
4369 272
4581 272
4657 272
4781 272
4900 272
5060 272
5167 272
5407 272
5540 272
5545 272
5719 272
5774 272
5781 272
5921 272
6278 272
6975 272
7209 272
7223 272
7355 272
7703 272
8000 272
8129 272
8667 272
8741 272
8830 272
9460 272
9626 272
9992 272
10189 272
412 273
1204 273
2060 273
2384 273
2501 273
3292 273
4420 273
4567 273
5299 273
5544 273
5818 273
6331 273
6677 273
7050 273
7746 273
8206 273
8371 273
8714 273
8918 273
1521 274
1522 274
3111 274
4309 274
4594 274
4729 274
6872 274
7459 274
7818 274
7929 274
8216 274
8226 274
8229 274
8261 274
9259 274
9838 274
467 275
516 275
630 275
798 275
1203 275
1216 275
1485 275
1871 275
1887 275
1929 275
2042 275
2100 275
2266 275
2338 275
2493 275
2526 275
2528 275
2571 275
2592 275
2604 275
2636 275
2670 275
2699 275
2734 275
2813 275
2839 275
2842 275
2849 275
2871 275
2965 275
3060 275
3089 275
3154 275
3177 275
3185 275
3266 275
3291 275
3298 275
3328 275
3371 275
3384 275
3477 275
3521 275
3522 275
3525 275
3587 275
3617 275
3628 275
3809 275
3893 275
3939 275
4169 275
4253 275
4341 275
4410 275
4714 275
4826 275
4828 275
4829 275
4830 275
4831 275
4832 275
4833 275
4839 275
4843 275
4854 275
4855 275
4857 275
4858 275
4860 275
4862 275
4865 275
4866 275
4867 275
4873 275
4881 275
4882 275
4884 275
4885 275
4889 275
4890 275
4898 275
4902 275
4907 275
4908 275
4910 275
4912 275
4914 275
4919 275
4927 275
4932 275
4934 275
4945 275
4946 275
4951 275
4953 275
4962 275
4965 275
4969 275
4981 275
4983 275
4984 275
4985 275
4986 275
4988 275
4989 275
4991 275
4992 275
4996 275
4997 275
4998 275
5000 275
5007 275
5009 275
5010 275
5011 275
5018 275
5024 275
5025 275
5029 275
5041 275
5042 275
5046 275
5047 275
5048 275
5049 275
5050 275
5053 275
5062 275
5063 275
5065 275
5067 275
5068 275
5075 275
5077 275
5079 275
5090 275
5093 275
5106 275
5111 275
5115 275
5117 275
5118 275
5119 275
5131 275
5132 275
5141 275
5142 275
5144 275
5148 275
5150 275
5152 275
108 276
379 276
982 276
1606 276
1826 276
1832 276
2323 276
3261 276
3801 276
4167 276
5370 276
5516 276
5744 276
5943 276
6526 276
6725 276
6806 276
6854 276
7417 276
8892 276
9980 276
0 277
140 277
150 277
185 277
199 277
222 277
244 277
249 277
325 277
405 277
416 277
445 277
448 277
476 277
481 277
484 277
494 277
539 277
715 277
747 277
750 277
751 277
766 277
776 277
814 277
850 277
904 277
922 277
939 277
956 277
1036 277
1097 277
1208 277
1225 277
1236 277
1241 277
1254 277
1271 277
1303 277
1317 277
1332 277
1335 277
1365 277
1371 277
1400 277
1407 277
1442 277
1447 277
1456 277
1510 277
1531 277
1534 277
1564 277
1584 277
1690 277
1780 277
1914 277
1942 277
1997 277
2033 277
2038 277
2289 277
2397 277
2442 277
2464 277
2692 277
2723 277
2771 277
2915 277
2953 277
3047 277
3052 277
3056 277
3184 277
3186 277
3195 277
3262 277
3473 277
3478 277
3496 277
3583 277
3612 277
3803 277
3815 277
4088 277
4089 277
4104 277
4260 277
4422 277
4469 277
4906 277
4935 277
4937 277
5039 277
5108 277
5135 277
6317 277
8335 277
95 278
155 278
245 278
508 278
791 278
821 278
859 278
1043 278
1207 278
1209 278
1239 278
1283 278
1334 278
1421 278
1593 278
1595 278
1600 278
1621 278
1710 278
1799 278
1804 278
1852 278
2008 278
2089 278
2586 278
2703 278
2755 278
3148 278
3203 278
3301 278
3306 278
3324 278
3502 278
4379 278
4419 278
5045 278
5314 278
2307 279
2672 279
3176 279
3951 279
5842 280
10085 280
10775 280
651 281
966 281
3288 281
4222 281
4888 281
4952 281
4958 281
4999 281
5031 281
5430 281
5552 281
5715 281
5816 281
6013 281
6175 281
6211 281
6293 281
6464 281
6471 281
6587 281
6734 281
6821 281
6855 281
7061 281
7107 281
7165 281
7199 281
7241 281
7296 281
7313 281
7330 281
7367 281
7988 281
8009 281
8195 281
8285 281
8439 281
8927 281
9154 281
9449 281
9921 281
10003 281
10788 281
102 282
2018 282
2108 282
2193 282
4549 282
862 283
3510 283
5458 283
7533 283
7671 283
8658 283
10913 283
6271 284
7578 284
9077 284
136 285
237 285
309 285
311 285
653 285
700 285
714 285
742 285
806 285
1000 285
3333 285
3853 285
3864 285
3938 285
5097 285
6009 285
6909 285
1172 286
2382 286
2759 286
3004 286
4099 286
5395 286
5724 286
7034 286
7535 286
7768 286
8097 286
9006 286
9523 286
10892 286
509 287
553 287
851 287
1052 287
1056 287
1284 287
1299 287
1479 287
1650 287
1740 287
1796 287
1858 287
2001 287
2142 287
2717 287
2798 287
2863 287
2967 287
3029 287
3042 287
3395 287
3411 287
3504 287
3709 287
3733 287
4558 287
4596 287
4678 287
4705 287
4720 287
4731 287
5189 287
5292 287
5559 287
5570 287
5582 287
5617 287
5672 287
5932 287
5993 287
6248 287
6353 287
6552 287
6600 287
6698 287
6764 287
6787 287
6899 287
6908 287
7051 287
7095 287
7278 287
7433 287
7445 287
7453 287
7574 287
7636 287
7640 287
7838 287
7846 287
7870 287
7889 287
7902 287
7907 287
7931 287
8047 287
8102 287
8173 287
8204 287
8260 287
8391 287
8527 287
8548 287
8574 287
8913 287
9136 287
9225 287
9325 287
1941 288
4844 288
5782 288
6428 288
9641 289
391 290
579 290
581 290
692 290
1321 290
1591 290
1778 290
2505 290
4471 290
4556 290
5433 290
5489 290
5499 290
6145 290
6174 290
6186 290
6225 290
6378 290
6517 290
6539 290
6592 290
6661 290
6748 290
6756 290
6809 290
6814 290
6868 290
6932 290
7116 290
7424 290
7575 290
7769 290
7788 290
7881 290
8004 290
8034 290
8059 290
9161 290
9518 290
10013 290
10015 290
52 291
57 291
258 291
1267 291
1544 291
1798 291
2256 291
2262 291
2370 291
2434 291
2706 291
4555 291
4786 291
4793 291
5644 291
5753 291
6195 291
6703 291
8366 291
8575 291
9042 291
9183 291
1206 292
4229 292
5287 292
6179 292
7038 292
7086 292
9267 292
2065 293
4258 293
4490 293
4897 293
5228 293
5829 293
5850 293
5860 293
6268 293
6412 293
7000 293
7135 293
7184 293
7218 293
7220 293
7240 293
7271 293
7275 293
7277 293
7352 293
7371 293
7388 293
7443 293
7452 293
7590 293
7984 293
8549 293
8636 293
9035 293
9319 293
9501 293
9762 293
10346 293
10349 293
10350 293
10572 293
10676 293
10690 293
10912 293
5712 294
1702 295
4005 295
4348 295
5811 295
6067 295
6111 295
6938 295
7123 295
7130 295
7622 295
7791 295
7880 295
7926 295
7959 295
8079 295
8179 295
8181 295
8303 295
8374 295
8404 295
8551 295
8594 295
8737 295
8739 295
8740 295
8743 295
8745 295
8748 295
9129 295
9221 295
9477 295
9481 295
9714 295
9788 295
9824 295
10147 295
10149 295
10151 295
10152 295
10159 295
7781 296
8982 296
9473 296
9794 296
10141 296
10155 296
201 297
1201 297
1696 297
1916 297
2165 297
2469 297
2696 297
2775 297
2820 297
2885 297
2995 297
3028 297
3099 297
3155 297
3161 297
3234 297
3250 297
3397 297
3419 297
3421 297
3434 297
3484 297
3491 297
3545 297
3582 297
3638 297
3662 297
3663 297
3767 297
3805 297
3845 297
3852 297
3920 297
4014 297
4044 297
4098 297
5563 297
5566 297
6066 297
6521 297
7421 297
7427 297
7463 297
7507 297
8367 297
8493 297
9809 297
5834 298
7735 298
8028 298
8721 298
9355 298
9383 298
10356 298
10466 298
10693 298
2161 299
3917 299
5491 299
4485 300
5937 300
6166 300
6716 300
9274 300
9377 300
9378 300
9379 300
9786 300
9825 300
9974 300
10261 300
10392 300
10394 300
10396 300
10480 300
10481 300
10483 300
10484 300
10640 300
10801 300
10899 300
2555 301
2570 301
2576 301
2838 301
2864 301
2898 301
2986 301
3138 301
3629 301
3821 301
3847 301
3894 301
3973 301
4001 301
4068 301
4358 301
6251 301
6674 301
6729 301
7508 301
8032 301
8036 301
8058 301
8572 301
8811 301
8823 301
8824 301
9349 301
9426 301
9565 301
9683 301
9940 301
10063 301
10306 301
1601 302
1863 302
2007 302
2080 302
2509 302
2811 302
2889 302
2941 302
2984 302
3077 302
3139 302
3165 302
3210 302
3307 302
3320 302
3359 302
3362 302
3424 302
3444 302
3457 302
3471 302
3680 302
3926 302
5085 302
5226 302
5357 302
5456 302
5885 302
6581 302
6662 302
6770 302
7468 302
7910 302
7991 302
8464 302
9160 302
2854 303
3610 303
4383 303
5352 303
8266 303
8477 303
8872 303
1502 304
5519 304
5775 304
5804 304
5831 304
5833 304
5838 304
5864 304
5865 304
5866 304
5925 304
6011 304
6350 304
7139 304
7141 304
7194 304
7254 304
7382 304
7964 304
8519 304
8727 304
9109 304
9345 304
9361 304
9607 304
9631 304
34 305
162 305
170 305
193 305
196 305
285 305
312 305
362 305
622 305
671 305
738 305
827 305
1126 305
1214 305
1226 305
2025 305
2039 305
2298 305
3003 305
3158 305
3355 305
3506 305
3945 305
4062 305
5463 305
7527 305
8248 305
2226 306
6498 306
7402 306
8023 306
9181 306
9306 306
10677 306
28 307
65 307
124 307
149 307
373 307
638 307
768 307
1031 307
1121 307
2492 307
3726 308
4413 308
4465 308
5466 308
6578 308
7114 308
7853 308
8965 308
9075 308
2588 309
2766 309
3735 309
3774 309
6617 309
7464 309
7793 309
7915 309
8513 309
10679 309
144 310
844 310
876 310
1027 310
1379 310
1427 310
1673 310
3532 310
3741 310
4270 310
4320 310
4418 310
552 311
3708 311
5427 311
6512 311
2961 312
3157 312
3519 312
5363 312
6459 312
6785 312
7072 312
7429 312
7476 312
7712 312
7745 312
7749 312
8122 312
8123 312
8611 312
8755 312
8845 312
9040 312
9483 312
9526 312
1850 313
4366 313
4374 313
5366 313
5388 313
5406 313
5478 313
5486 313
5634 313
5827 313
5830 313
6256 313
6283 313
6445 313
6486 313
6491 313
6503 313
6712 313
6727 313
6779 313
6896 313
6905 313
6923 313
6947 313
7142 313
7144 313
7150 313
7155 313
7158 313
7169 313
7173 313
7222 313
7232 313
7234 313
7237 313
7238 313
7243 313
7250 313
7256 313
7267 313
7276 313
7294 313
7298 313
7307 313
7310 313
7312 313
7326 313
7342 313
7356 313
7362 313
7369 313
7378 313
7380 313
7393 313
7394 313
7396 313
7397 313
7854 313
8136 313
8286 313
8311 313
8946 313
9024 313
9143 313
9224 313
9242 313
9397 313
9459 313
9694 313
9968 313
10086 313
10204 313
10290 313
10318 313
10439 313
10505 313
10507 313
10519 313
10574 313
10575 313
10609 313
10738 313
10756 313
10757 313
10758 313
10759 313
10760 313
2533 314
2702 314
4272 314
4333 314
5484 314
5770 314
5846 314
5858 314
5870 314
5912 314
6837 314
7247 314
8002 314
8708 314
8800 314
9106 314
9551 314
44 315
103 315
147 315
204 315
220 315
298 315
302 315
332 315
389 315
439 315
496 315
511 315
523 315
640 315
783 315
839 315
863 315
864 315
867 315
961 315
965 315
971 315
1073 315
1129 315
1145 315
1162 315
1199 315
1246 315
1575 315
1585 315
1608 315
1859 315
1860 315
1861 315
1985 315
2012 315
2037 315
2116 315
2229 315
2240 315
2305 315
3022 315
3899 315
4152 315
4192 315
4445 315
5680 315
10462 315
5525 316
7102 316
7438 316
7544 316
8203 316
8775 316
8825 316
9209 316
9357 316
9358 316
10711 316
194 317
1041 317
1487 317
1987 317
2020 317
2111 317
2174 317
2321 317
2349 317
2401 317
2525 317
2711 317
3420 317
3632 317
3948 317
3971 317
4022 317
4093 317
4645 317
5247 317
5369 317
5377 317
5661 317
5938 317
6095 317
6510 317
6755 317
6797 317
7230 317
7583 317
7941 317
2074 318
5273 318
5343 318
8429 318
9981 318
10452 318
2131 319
5315 319
5821 319
6607 319
7235 319
1150 320
2128 320
2176 320
2306 320
2912 320
3336 320
4002 320
4674 320
5748 320
5799 320
5803 320
6060 320
6233 320
6263 320
6430 320
6496 320
6614 320
6671 320
7002 320
7260 320
7485 320
7568 320
7878 320
7940 320
7987 320
8067 320
8071 320
8376 320
8489 320
8503 320
8579 320
8630 320
8732 320
8801 320
9047 320
9060 320
9180 320
9365 320
9374 320
9398 320
9423 320
9424 320
9436 320
9509 320
9513 320
9520 320
9525 320
9530 320
9531 320
9537 320
9546 320
9547 320
9552 320
9553 320
9558 320
9561 320
9567 320
9569 320
9570 320
9571 320
9580 320
9583 320
9584 320
9589 320
9595 320
9605 320
9623 320
9659 320
9759 320
9942 320
9969 320
9978 320
10028 320
10038 320
10048 320
10057 320
10060 320
10061 320
10066 320
10068 320
10069 320
10072 320
10073 320
10078 320
10127 320
10185 320
10187 320
10191 320
10212 320
10251 320
10254 320
10295 320
10317 320
10623 320
10633 320
10636 320
10672 320
10782 320
10798 320
984 321
1305 321
2272 321
3950 321
4325 321
7122 321
676 322
907 322
1050 322
1289 322
1674 322
1833 322
1896 322
3174 322
4616 322
4700 322
5965 322
7279 322
9952 322
1785 323
9185 323
1117 324
1363 324
2751 324
2850 324
3539 324
3846 324
4928 324
5129 324
6492 324
6935 324
6969 324
322 325
4364 325
5259 325
5289 325
5758 325
7253 325
7315 325
7577 325
8652 325
8756 325
8860 325
9051 325
9098 325
9311 325
9317 325
9428 325
9476 325
9882 325
9901 325
10445 325
10493 325
350 327
1821 327
4347 327
4376 327
5518 327
2063 328
2180 328
2189 328
3813 328
4127 328
4400 328
5218 328
5660 328
5668 328
5802 328
6448 328
6558 328
6660 328
6694 328
6737 328
6752 328
7005 328
7183 328
2769 330
4210 330
4641 330
8183 330
8184 330
10325 330
1326 331
1352 331
1387 331
1467 331
2345 331
2619 331
3842 331
4535 331
5201 331
5648 331
6164 331
6351 331
6593 331
6702 331
6844 331
6991 331
7637 331
7764 331
7962 331
8055 331
9519 331
3482 332
6970 332
1750 333
3065 333
3495 333
3658 333
4359 333
4790 333
5810 333
460 334
1946 334
4033 334
6943 334
142 335
200 335
528 335
823 335
824 335
870 335
1010 335
1258 335
1788 335
2496 335
2615 335
2691 335
2746 335
2874 335
2911 335
3024 335
3033 335
3153 335
3276 335
3405 335
3456 335
3590 335
3916 335
3972 335
5078 335
5244 335
5641 335
6565 335
6681 335
7569 335
7678 335
7909 335
8779 335
254 336
646 336
923 336
2406 336
3719 336
4448 336
4789 336
5926 336
6223 336
6618 336
6711 336
6726 336
6963 336
7161 336
8160 336
8577 336
10206 336
10409 336
9 337
135 337
425 337
682 337
1077 337
1154 337
1822 337
2173 337
2498 337
2708 337
2778 337
2803 337
2830 337
2848 337
2873 337
2924 337
2971 337
3055 337
3136 337
3137 337
3652 337
3861 337
4162 337
4175 337
4276 337
4317 337
4361 337
4695 337
4875 337
5084 337
5172 337
5239 337
5307 337
5373 337
5450 337
5452 337
5468 337
5526 337
5565 337
5569 337
5573 337
5578 337
5592 337
5697 337
5714 337
5998 337
6116 337
6127 337
6193 337
6227 337
6246 337
6254 337
6516 337
6568 337
6824 337
6864 337
6953 337
7012 337
7020 337
7133 337
7167 337
7274 337
7301 337
7327 337
7472 337
7475 337
7512 337
7612 337
7707 337
7710 337
7727 337
7738 337
7753 337
7784 337
7845 337
7898 337
7956 337
8030 337
8033 337
8188 337
8275 337
8372 337
8381 337
8413 337
8502 337
8607 337
8728 337
8883 337
8890 337
8896 337
8923 337
8961 337
9034 337
9064 337
9072 337
9142 337
9187 337
9253 337
9283 337
9327 337
9344 337
9354 337
9370 337
9381 337
9411 337
9439 337
9475 337
9479 337
9574 337
9619 337
9632 337
9647 337
9800 337
9828 337
9865 337
10036 337
10037 337
10096 337
10143 337
10227 337
10426 337
10503 337
10528 337
10650 337
10692 337
10896 337
5375 338
5649 338
5726 338
5776 338
5828 338
6202 338
6210 338
6322 338
6341 338
6352 338
6465 338
6929 338
6934 338
6937 338
6941 338
6942 338
6946 338
6954 338
6956 338
6984 338
6985 338
6989 338
6993 338
7022 338
7026 338
7031 338
7035 338
7039 338
7044 338
8325 338
8408 338
9896 338
10023 338
10138 338
10209 338
70 339
860 339
4621 339
5453 339
5594 339
5603 339
6468 339
7446 339
7481 339
8902 339
1055 340
1875 340
2414 340
3850 340
4262 340
4539 340
5671 340
6488 340
7121 340
7672 340
7968 340
7997 340
8290 340
8320 340
8488 340
8490 340
8618 340
8631 340
8637 340
8700 340
8848 340
8950 340
9005 340
9041 340
9336 340
9393 340
9414 340
9469 340
9471 340
9487 340
9511 340
9524 340
9564 340
9573 340
9575 340
9579 340
9585 340
9588 340
9599 340
9600 340
9601 340
9691 340
9715 340
9735 340
9883 340
9935 340
9965 340
10030 340
10175 340
10176 340
10177 340
10193 340
10207 340
10298 340
10299 340
10300 340
10491 340
10492 340
10527 340
10673 340
10674 340
10704 340
10715 340
10744 340
10745 340
10746 340
10747 340
10781 340
10783 340
1252 341
2157 341
7742 341
7799 341
177 342
2859 342
5480 342
5505 342
5898 342
6071 342
6255 342
6482 342
7972 342
8056 342
8423 342
8791 342
8794 342
8885 342
9073 342
9701 342
10001 342
10166 342
10766 342
10911 342
1076 343
2105 343
3765 343
4628 343
5913 343
6603 343
8605 343
8722 343
5211 344
5997 344
6417 344
6429 344
7045 344
7589 344
7736 344
8953 344
8954 344
8957 344
8958 344
9004 344
9043 344
9170 344
9172 344
9380 344
9394 344
9413 344
9415 344
9419 344
9490 344
9830 344
9972 344
10019 344
10110 344
10112 344
10114 344
10116 344
10118 344
10120 344
10123 344
10125 344
10129 344
10132 344
10133 344
1187 345
2413 345
2563 345
6043 345
6199 345
6215 345
7759 345
8048 345
10080 345
10082 345
10331 345
1169 346
2530 346
2531 346
2598 346
2639 346
2641 346
2673 346
2740 346
2867 346
2914 346
2921 346
3007 346
3071 346
3073 346
3134 346
3201 346
3321 346
3357 346
3361 346
3380 346
3399 346
3603 346
3609 346
3637 346
3659 346
3683 346
3727 346
6069 346
6367 346
6571 346
6688 346
6689 346
6692 346
6765 346
6781 346
6790 346
7493 346
8435 346
8475 346
8695 346
8703 346
8753 346
8765 346
8996 346
8998 346
9100 346
9366 346
9488 346
9629 346
9790 346
10266 346
10649 346
10655 346
570 347
2450 347
6800 347
3349 348
3618 348
4722 348
7559 348
334 350
636 350
2124 350
2227 350
2324 350
2359 350
4004 350
4095 350
4540 350
6738 350
7504 350
9716 350
3293 351
6188 351
5461 352
5886 352
6038 352
6104 352
7534 352
8305 352
8672 352
8687 352
8921 352
9182 352
9292 352
9557 352
9578 352
9676 352
9855 352
9999 352
1276 353
1968 353
2742 353
5337 353
7001 353
7266 353
7602 353
7892 353
8440 353
9286 353
9371 353
9474 353
9485 353
9627 353
9892 353
10529 353
20 354
572 354
1015 354
1130 354
1171 354
1224 354
1577 354
1708 354
1723 354
1753 354
1792 354
1964 354
2212 354
2443 354
2480 354
2712 354
2880 354
2949 354
3107 354
3549 354
3901 354
4298 354
5933 355
7153 355
7743 355
9085 355
10734 355
5609 356
5844 356
5847 356
7040 356
7180 356
7744 356
8096 356
10336 356
10361 356
10362 356
10543 356
10826 356
2239 357
2764 357
2929 357
3197 357
3515 357
436 358
689 358
1060 358
2086 358
2449 358
2569 358
2718 358
2951 358
3317 358
3772 358
3806 358
3904 358
4070 358
4441 358
4776 358
4909 358
5272 358
5755 358
5796 358
6172 358
6470 358
6596 358
6775 358
6890 358
7101 358
378 359
921 359
1179 359
1393 359
2517 359
2690 359
2704 359
2827 359
2933 359
3054 359
3468 359
3487 359
3796 359
4449 359
4569 359
741 360
1938 360
2455 360
2904 360
5756 360
7197 360
8624 360
9310 360
4362 361
5720 361
8832 361
8833 361
8843 361
8886 361
9389 361
9711 361
9847 361
9943 361
9959 361
9960 361
10668 361
301 362
568 362
2263 362
2372 362
2959 362
3594 362
4256 362
4568 362
4664 362
5004 362
5061 362
5134 362
5178 362
5473 362
5623 362
5867 362
6024 362
6031 362
6055 362
6165 362
6238 362
6245 362
6273 362
6282 362
6290 362
6361 362
6407 362
6409 362
6446 362
6469 362
6472 362
6799 362
6933 362
7091 362
7152 362
7285 362
7348 362
7374 362
7757 362
7932 362
7970 362
8156 362
8373 362
8520 362
8736 362
8762 362
8922 362
9192 362
9246 362
9395 362
9450 362
10291 362
1497 363
1818 363
2022 363
2255 363
2890 363
3231 363
3459 363
4390 363
4588 363
4601 363
5743 363
6680 363
8060 363
9231 363
10608 363
113 364
228 364
251 364
259 364
290 364
333 364
447 364
453 364
525 364
713 364
726 364
977 364
1001 364
1013 364
1026 364
1040 364
1062 364
1081 364
1083 364
1210 364
1219 364
1357 364
1358 364
1475 364
1516 364
1519 364
1615 364
1688 364
1776 364
1829 364
2078 364
2123 364
2129 364
2222 364
2230 364
2312 364
2347 364
2356 364
2381 364
2422 364
2651 364
2675 364
3112 364
3406 364
3546 364
3754 364
4401 364
5015 364
5405 364
2767 365
3762 365
5528 365
6708 365
7422 365
7861 365
8095 365
8771 365
8812 365
8944 365
9639 365
9706 365
9774 365
10010 365
10058 365
1925 366
2354 366
9104 366
9326 366
9760 366
9869 366
10513 366
239 367
2435 367
3402 367
4126 367
4315 367
5441 367
5477 367
5500 367
5778 367
5845 367
6318 367
6447 367
6801 367
6884 367
7006 367
7096 367
7309 367
7550 367
7655 367
7658 367
7696 367
7772 367
7974 367
7977 367
7985 367
8003 367
8117 367
8177 367
8396 367
8414 367
8431 367
8584 367
8591 367
8656 367
8665 367
8701 367
8713 367
9342 367
9515 367
9563 367
9591 367
9638 367
9713 367
9826 367
9856 367
9987 367
10071 367
10113 367
10252 367
10310 367
10393 367
10417 367
10603 367
10641 367
10642 367
10643 367
10644 367
10645 367
10646 367
10648 367
10868 367
51 369
342 369
794 369
1217 369
1538 369
1905 369
2379 369
3895 369
5014 369
6746 370
7059 370
7269 370
8760 370
8804 370
8960 370
9093 370
104 371
221 371
383 371
1030 371
1053 371
1324 371
1630 371
1931 371
1937 371
2245 371
2371 371
2436 371
3614 371
4086 371
4610 371
4634 371
5324 371
5676 371
5957 371
7502 371
7558 371
49 372
5942 372
6300 372
6329 372
6818 372
7177 372
9056 372
10411 372
10797 372
535 373
642 373
825 373
1747 373
1837 373
1846 373
2092 373
2178 373
2896 373
3802 373
3854 373
4303 373
4515 373
5342 373
5856 373
6585 373
7555 373
7620 373
8155 373
547 374
905 374
3509 374
8319 374
8398 374
10816 374
10894 374
30 375
335 375
382 375
808 375
2789 375
3284 375
4025 375
4600 375
7554 375
614 376
893 376
995 376
4402 376
6467 376
8485 376
353 377
4424 377
9454 377
9646 377
127 378
159 378
912 378
931 378
1242 378
2219 378
2960 378
3074 378
3265 378
3965 378
4728 378
5240 378
5562 378
5588 378
5727 378
6458 378
6561 378
8500 378
26 379
1408 379
1419 379
1471 379
1587 379
1622 379
1751 379
3030 379
3102 379
4663 379
4673 379
4747 379
7066 379
8557 379
8580 379
6518 380
7674 380
7733 380
9084 380
9094 380
9456 380
9946 380
10364 380
10390 380
10699 380
7311 381
7679 381
8784 381
3377 382
6395 382
9091 382
1275 383
1418 383
1800 383
2130 383
2459 383
3833 383
3897 383
4554 383
5038 383
6046 383
6484 383
6791 383
6898 383
7566 383
7823 383
10737 383
316 384
414 384
628 384
728 384
737 384
1911 384
2191 384
2562 384
2733 384
2758 384
2840 384
2966 384
2997 384
3005 384
3017 384
3196 384
3295 384
3330 384
3608 384
3619 384
3751 384
4059 384
4710 384
4880 384
4901 384
4930 384
5082 384
5232 384
5372 384
5393 384
5822 384
5878 384
5907 384
5920 384
5923 384
6021 384
6039 384
6047 384
6064 384
6141 384
6334 384
6349 384
6546 384
6549 384
6625 384
6638 384
6676 384
6686 384
6696 384
6707 384
6710 384
6717 384
6723 384
6724 384
6736 384
6742 384
6759 384
7036 384
7466 384
7651 384
7812 384
8445 384
8726 384
8914 384
8968 384
8992 384
8993 384
9007 384
9012 384
9018 384
9020 384
9090 384
9203 384
9205 384
9206 384
9757 384
9878 384
9957 384
10148 384
10238 385
10542 385
5673 386
7666 386
8940 386
9682 386
10495 386
1480 387
3127 387
3417 387
3987 387
6608 387
7 388
16 388
21 388
37 388
50 388
54 388
68 388
71 388
75 388
80 388
82 388
83 388
85 388
91 388
92 388
93 388
105 388
107 388
109 388
111 388
123 388
130 388
132 388
133 388
161 388
171 388
173 388
187 388
198 388
202 388
219 388
224 388
225 388
230 388
247 388
250 388
262 388
263 388
269 388
270 388
272 388
299 388
336 388
337 388
345 388
371 388
384 388
387 388
401 388
411 388
418 388
429 388
442 388
456 388
465 388
479 388
486 388
500 388
501 388
502 388
529 388
534 388
537 388
550 388
556 388
565 388
576 388
586 388
650 388
664 388
683 388
686 388
717 388
724 388
746 388
755 388
769 388
796 388
831 388
834 388
853 388
861 388
898 388
908 388
925 388
940 388
959 388
972 388
996 388
999 388
1024 388
1047 388
1085 388
1086 388
1116 388
1134 388
1153 388
1156 388
1168 388
1185 388
1232 388
1264 388
1288 388
1368 388
1403 388
1414 388
1478 388
1511 388
1604 388
1610 388
1612 388
1636 388
1662 388
1671 388
1693 388
1700 388
1716 388
1718 388
1834 388
1835 388
1862 388
1868 388
1878 388
1879 388
1898 388
1956 388
1975 388
2048 388
2113 388
2284 388
2296 388
2346 388
2438 388
2452 388
2466 388
2906 388
3168 388
3704 388
3713 388
4234 388
4284 388
4564 388
5013 388
5258 388
6291 388
6302 388
6505 388
611 389
3728 389
4117 389
5917 389
6244 389
6826 389
6850 389
6990 389
7401 389
7447 389
7754 389
7860 389
7891 389
7924 389
8145 389
8273 389
8546 389
8585 389
8617 389
8625 389
8916 389
8917 389
8947 389
8967 389
9124 389
9130 389
9291 389
9401 389
9402 389
9860 389
9900 389
10053 389
10126 389
10140 389
10144 389
10145 389
10146 389
10184 389
10223 389
10313 389
10314 389
10315 389
10326 389
10479 389
10694 389
10695 389
10696 389
10697 389
10698 389
5362 390
5741 390
7605 390
9052 390
9272 390
9734 390
10515 390
10516 390
10517 390
10852 390
2234 391
4451 391
530 392
3880 392
4431 392
4461 392
10886 392
492 393
2548 393
2869 393
3922 393
4155 393
4173 393
4208 393
473 394
3335 394
4228 394
4484 394
5253 394
5485 394
6228 394
6275 394
6377 394
6461 394
6926 394
6931 394
6936 394
6945 394
6949 394
6960 394
7007 394
7013 394
7015 394
7029 394
7325 394
7354 394
8600 394
8641 394
8930 394
8942 394
9749 394
9761 394
176 395
5618 395
5966 395
7081 395
8345 395
8877 395
9293 395
9294 395
9787 395
10017 395
10202 395
10203 395
485 396
793 396
816 396
847 396
1007 396
1087 396
1959 396
2553 396
2762 396
2987 396
3092 396
3149 396
3255 396
3278 396
3480 396
3677 396
3844 396
4042 396
4954 396
5564 396
7726 396
9407 397
9919 397
761 398
2810 398
5529 398
9529 398
10809 398
217 399
5335 399
2288 400
2745 400
3282 400
3526 400
3827 400
3957 400
6182 400
9903 400
115 401
599 401
695 401
842 401
1298 401
1555 401
2253 401
2336 401
3083 401
4693 401
5687 401
5763 401
6131 401
6354 401
7110 401
7806 401
8159 401
146 402
1894 402
5151 402
5195 402
5483 402
6048 402
6123 402
6423 402
7175 402
7195 402
7207 402
7226 402
7242 402
7334 402
7338 402
7486 402
9250 402
9562 402
9609 402
9625 402
10571 402
3606 403
6481 403
7092 403
8375 403
8508 403
8592 403
8647 403
9651 403
101 404
1797 404
2497 404
2549 404
2577 404
2902 404
3467 404
3768 404
4509 404
4796 404
5663 404
6183 404
6451 404
6645 404
6668 404
6789 404
6803 404
7398 404
7785 404
7868 404
8043 404
8062 404
8561 404
8933 404
9067 404
9684 404
260 405
454 405
719 405
830 405
2034 405
3305 405
4365 405
5019 405
5130 405
491 406
2578 406
3034 406
3785 406
4345 406
5948 406
10345 406
6107 407
8599 407
8613 407
8772 407
9280 407
9282 407
9615 407
9665 407
9670 407
9863 407
10311 407
10544 407
1102 409
2058 409
3486 409
4060 409
4689 409
5410 409
9738 409
84 410
214 410
437 410
1260 410
2654 410
2809 410
3256 410
4251 410
4283 410
4301 410
4874 410
4942 410
4993 410
5459 410
5465 410
5577 410
5841 410
5876 410
6930 410
7263 410
7345 410
8182 410
8718 410
9173 410
9416 410
9467 410
9766 410
9983 410
9993 410
10214 410
10215 410
10216 410
10217 410
580 411
657 411
697 411
2676 411
4848 411
4894 411
4990 411
5034 411
5109 411
6577 411
8410 411
2302 412
2304 412
2396 412
4498 412
5791 412
2341 413
3098 413
3415 413
4332 413
5269 413
6295 413
7042 413
7089 413
7686 413
7719 413
7763 413
7782 413
8317 413
8675 413
8786 413
8815 413
8893 413
9175 413
9506 413
9512 413
9517 413
9521 413
9522 413
9527 413
9528 413
9534 413
9554 413
9576 413
9582 413
9590 413
9755 413
9916 413
9936 413
9937 413
9939 413
9941 413
10056 413
10075 413
10077 413
10182 413
10183 413
10186 413
10248 413
10250 413
10253 413
10301 413
10308 413
10309 413
10712 413
2557 414
6804 414
8856 414
9335 414
9339 414
9776 414
9780 414
9783 414
10106 414
10210 414
10651 414
10654 414
10887 414
1065 415
1304 415
1392 415
5531 415
6090 415
6171 415
6715 415
8601 415
1195 416
2297 416
2942 416
5600 416
7963 416
8523 416
2659 417
2674 417
2852 417
2985 417
3358 417
3804 417
3943 417
5305 417
6070 417
6327 417
6651 417
6792 417
6967 417
7775 417
7824 417
8837 417
754 418
3851 418
4398 418
4794 418
6572 418
6747 418
8288 418
8569 418
760 419
1777 419
2334 419
4050 419
4804 419
5689 419
7923 419
8045 419
8212 419
8221 419
8234 419
128 420
1488 420
2071 420
2500 420
2547 420
2597 420
2648 420
2934 420
2938 420
2952 420
3082 420
3152 420
3160 420
3345 420
3370 420
3394 420
3412 420
3508 420
3529 420
3551 420
3558 420
3589 420
3690 420
3812 420
5281 420
5303 420
5396 420
5900 420
6323 420
6508 420
6684 420
6687 420
7016 420
7993 420
8070 420
8388 420
10173 420
2 421
33 421
457 421
1295 421
1541 421
2431 421
2831 421
3167 421
3263 421
3447 421
3538 421
3653 421
3732 421
3863 421
3988 421
4863 421
5650 421
7303 421
450 422
4129 422
4323 422
4371 422
5772 422
7383 422
8178 422
8769 422
8789 422
9412 422
10022 422
10044 422
10134 422
10262 422
10449 422
10450 422
10457 422
10669 422
10670 422
1255 423
2260 423
4116 423
5193 423
5280 423
5340 423
5543 423
5722 423
5989 423
6319 423
6794 423
6849 423
6897 423
7087 423
7093 423
7189 423
7268 423
7305 423
7404 423
8602 423
8807 423
8851 423
8935 423
8972 423
9016 423
9049 423
9323 423
9420 423
9461 423
9462 423
9463 423
9465 423
9596 423
9610 423
9817 423
9908 423
9911 423
9912 423
499 424
871 424
1450 424
1685 424
2102 424
2110 424
2122 424
2461 424
2575 424
2623 424
2729 424
3440 424
3778 424
4052 424
4437 424
4613 424
4870 424
5267 424
5999 424
6058 424
6086 424
6537 424
6641 424
6682 424
6709 424
7106 424
7432 424
7599 424
8054 424
17 425
58 425
1351 425
1679 425
1918 425
2542 425
2618 425
2658 425
2782 425
2872 425
3297 425
3326 425
3607 425
3832 425
4106 425
4587 425
4597 425
4734 425
4795 425
5708 425
5959 425
5978 425
6582 425
6730 425
6732 425
6739 425
7449 425
7588 425
7593 425
7597 425
7621 425
7821 425
7903 425
7975 425
8128 425
8191 425
8360 425
8724 425
9330 425
9385 425
9586 425
9699 425
4316 426
7790 426
8330 426
8496 426
9717 426
9795 426
10020 426
35 427
48 427
293 427
313 427
1266 427
1590 427
1725 427
2217 427
2366 427
2807 427
3166 427
3223 427
3267 427
3464 427
4085 427
4487 427
5534 427
5969 427
5973 427
6117 427
6146 427
6167 427
8525 427
8822 427
9620 427
9861 427
10150 427
10735 427
6224 428
7766 428
7771 428
8297 428
8298 428
8604 428
8876 428
9191 428
10286 428
10287 428
10385 428
1470 429
3462 429
2066 430
3038 430
6014 430
6170 430
6340 430
7067 430
7488 430
9729 430
9827 430
9829 430
10265 430
8 431
422 431
889 431
2308 431
2522 431
2799 431
4171 431
4429 431
7224 431
7675 431
9113 431
4072 432
8459 432
9115 432
865 433
8138 433
8587 433
9202 433
2894 434
8610 434
1921 435
2028 435
2741 435
2903 435
3286 435
3302 435
3795 435
3816 435
3831 435
4040 435
4071 435
4611 435
6358 435
6375 435
6576 435
7462 435
8215 435
8501 435
9265 435
9362 435
9441 435
674 436
2170 436
3133 436
3530 436
3848 436
3923 436
4483 436
5435 436
5675 436
6219 436
7055 436
7284 436
7328 436
8053 436
8119 436
8332 436
8355 436
9842 436
10107 436
5462 437
7149 437
6253 438
10387 438
573 439
673 439
1243 439
1514 439
1857 439
2164 439
2278 439
2283 439
2327 439
2440 439
2605 439
2660 439
2979 439
3006 439
3020 439
3027 439
3162 439
3207 439
3296 439
3567 439
3578 439
3678 439
3692 439
3736 439
3737 439
3794 439
3898 439
3934 439
3961 439
4012 439
4035 439
4501 439
4506 439
4530 439
4637 439
4644 439
4675 439
4743 439
4750 439
4768 439
4769 439
4791 439
4825 439
5236 439
5311 439
5359 439
5533 439
5602 439
5832 439
5968 439
6313 439
6551 439
6656 439
6672 439
6851 439
6877 439
7321 439
7415 439
7454 439
7456 439
7490 439
7503 439
7519 439
7524 439
7526 439
7537 439
7614 439
7739 439
7801 439
7820 439
7822 439
7831 439
7835 439
7843 439
7894 439
7901 439
7937 439
8080 439
8168 439
8193 439
8209 439
8214 439
8479 439
8491 439
8528 439
8544 439
8558 439
8582 439
8643 439
8790 439
8857 439
8861 439
8864 439
8884 439
8978 439
8983 439
8997 439
9061 439
9144 439
9212 439
9303 439
9614 439
9712 439
9744 439
9816 439
9886 439
9888 439
9904 439
9954 439
9958 439
10102 439
10353 439
1 440
195 440
3561 440
4130 440
5274 440
5487 440
5857 440
5882 440
6209 440
6475 440
6502 440
7132 440
7140 440
7262 440
7339 440
7349 440
7392 440
8515 440
9489 440
9777 440
10550 440
36 441
4440 441
5504 441
6286 441
6359 441
6489 441
7384 441
8682 441
9332 441
9606 441
9696 441
5414 442
5438 442
10351 442
10588 442
604 444
624 444
663 444
2027 444
2146 444
2608 444
2620 444
3673 444
3705 444
4113 444
4282 444
4318 444
4328 444
4458 444
4505 444
4512 444
4517 444
4575 444
4608 444
4659 444
4805 444
5217 444
5313 444
5319 444
5645 444
5666 444
5757 444
5764 444
5766 444
6076 444
6162 444
6316 444
6533 444
6683 444
6813 444
6845 444
6878 444
6885 444
7074 444
7075 444
7082 444
7100 444
7244 444
7246 444
7319 444
7425 444
7455 444
7479 444
7513 444
7557 444
7600 444
7613 444
7856 444
7857 444
7865 444
7866 444
7873 444
7877 444
7885 444
7905 444
7935 444
8089 444
8237 444
8250 444
8312 444
8386 444
8447 444
8538 444
8570 444
8590 444
8621 444
8628 444
8796 444
8810 444
8820 444
8844 444
8866 444
8869 444
8887 444
8919 444
8952 444
9226 444
9271 444
9302 444
9376 444
9452 444
9468 444
9480 444
9482 444
9486 444
9536 444
9572 444
9577 444
9587 444
9656 444
9775 444
9813 444
9834 444
9836 444
10099 444
10153 444
10156 444
10158 444
10178 444
10218 444
10232 444
10427 444
1034 446
1072 446
1413 446
1891 446
2064 446
3090 446
4141 446
4188 446
4488 446
5295 446
5338 446
5451 446
5517 446
5610 446
5909 446
6356 446
6560 446
8029 446
8107 446
8135 446
8432 446
4385 447
5550 447
5598 447
6440 447
7264 447
10595 447
10854 447
417 448
1981 448
2510 448
2865 448
4980 448
5653 448
6971 448
6974 448
7945 448
7978 448
7989 448
7992 448
4814 449
4816 449
4817 449
4819 449
4820 449
5699 449
7755 449
7770 449
8855 449
10230 449
10404 449
10843 449
555 450
725 450
857 450
1330 450
1353 450
1364 450
1397 450
1399 450
1401 450
1461 450
1494 450
1515 450
1551 450
1597 450
1603 450
1682 450
1754 450
1760 450
1902 450
2392 450
2514 450
2515 450
2757 450
2792 450
2800 450
2806 450
2821 450
2851 450
2860 450
2883 450
2900 450
3058 450
3120 450
3211 450
3338 450
3413 450
3426 450
3507 450
3559 450
3623 450
3682 450
3689 450
3694 450
4526 450
5113 450
5179 450
6016 450
6022 450
6177 450
6449 450
6567 450
6594 450
6613 450
6642 450
6644 450
6650 450
6685 450
6788 450
6952 450
6955 450
7004 450
7231 450
7360 450
7413 450
7776 450
7884 450
8132 450
8323 450
8563 450
8774 450
9193 450
9198 450
9201 450
9204 450
9207 450
9360 450
9733 450
10294 450
10329 450
10332 450
10333 450
327 451
2267 451
2474 451
4306 451
4480 451
5723 451
6310 451
6555 451
6857 451
7299 451
7635 451
8222 451
8242 451
8259 451
8385 451
8411 451
8634 451
8898 451
8926 451
9334 451
9359 451
9404 451
9593 451
9799 451
9808 451
10164 451
1945 452
2106 452
2215 452
4823 452
4978 452
5509 452
5621 452
5949 452
7410 452
8300 452
8358 452
5322 453
7416 453
7949 453
8522 453
8622 453
8803 453
8809 453
9208 453
9305 453
9814 453
9837 453
10034 453
10074 453
10194 453
10196 453
10199 453
10200 453
10284 453
10357 453
10379 453
10395 453
10490 453
10691 453
10763 453
10806 453
10808 453
10813 453
10831 453
10838 453
10839 453
2056 454
7839 454
7917 454
7933 454
7938 454
8172 454
9438 454
10258 454
10403 454
10444 454
10587 454
10897 454
210 455
243 455
252 455
493 455
718 455
1230 455
1237 455
1556 455
1950 455
1960 455
2094 455
3227 455
3366 455
3696 455
4000 455
4339 455
8662 455
9296 455
15 456
626 456
2156 456
3274 456
3621 456
3841 456
3985 456
4048 456
4706 456
4732 456
5128 456
5354 456
5576 456
6178 456
6200 456
6853 456
6900 456
7056 456
7663 456
7906 456
7928 456
8018 456
8510 456
8542 456
8850 456
9188 456
9867 456
10208 456
10815 456
2611 457
5502 457
5904 457
5941 457
7137 457
7193 457
7340 457
7381 457
7387 457
7560 457
8176 457
8422 457
8795 457
8852 457
10205 457
909 458
1141 458
1649 458
2070 458
2958 458
3570 458
3835 458
4185 458
4690 458
4724 458
4869 458
5339 458
5607 458
6003 458
6232 458
6326 458
6344 458
6513 458