3.002
3.004000002
2.9760000018
2.9780000012
3.0980000072
3.0520000028
3.1160000056
3.0940000054
2.9940000048
3.0640000068
3.056000007
3.1120000076
3.1200000066
3.0760000038
3.1260000062
3.0440000032
3.0000000034
3.038000002
3.0540000032
3.040000002
3.0340000028
3.0600000026
3.0480000026
3.0260000014
3.0220000028
3.0400000022
3.0560000024
3.0320000016
3.0340000026
2.9980000026
2.9720000022
2.9860000014
2.9900000024
2.9940000016
2.990000002
2.9720000024
2.9880000024
2.9840000014
2.9980000026
3.2440000078
3.1540000052
3.2220000086
3.2020000072
3.2180000086
3.0820000048
3.1760000058
3.104000006
3.192000008
3.1860000084
3.2100000078
3.154000007
3.2120000068
3.1420000062
3.2200000092
3.2080000082
3.1760000068
3.2180000082
2.9660000006
2.978000002
2.9680000054
2.982000004
2.9920000014
2.9780000052
2.924000004
2.9640000048
2.9200000048
3.0340000006
3.0280000012
3.0480000018
3.0260000018
2.996
2.9560000122
2.8240000128
2.5400000106
2.6560000098
2.4940000034
2.8360000114
2.7040000092
2.8840000118
2.718000012
2.9320000124
2.5820000066
2.5700000078
2.9660000136
2.7600000092
2.6940000048
2.76800001
2.9980000126
2.9540000114
2.5740000114
2.8860000122
2.630000007
2.9480000134
3.0000000144
2.6860000094
2.660000008
2.7240000086
2.6880000108
2.4280000048
2.6920000118
2.450000004
2.6400000066
2.6100000118
2.9860000052
2.9780000064
2.9640000024
2.9460000072
2.9340000046
3.0420000056
3.0100000074
2.9540000028
2.9200000046
3.0060000066
2.8860000046
2.9240000074
2.9860000058
2.9760000072
2.8900000058
3.0060000008
3.0000000014
3.028000001
3.0220000014
3.0080000012
3.0020000012
3.0080000008
3.0080000008
3.0500000038
3.0500000032
3.0680000048
3.0480000048
3.0440000046
3.0840000032
3.0480000024
3.0000000002
3.0
3.0000000002
2.8880000026
3.0000000038
3.0180000042
3.006000005
3.006000004
3.0260000044
2.9820000022
2.9260000038
2.9860000026
3.0000000002
3.4240000072
3.3920000074
3.4000000066
3.172000007
3.4160000074
3.290000005
3.2820000088
3.2300000074
3.2120000066
3.2820000096
3.3340000074
3.3360000066
3.1940000084
3.1100000108
3.2080000072
3.1920000104
3.194000006
3.2260000048
3.4140000044
3.2120000098
3.1580000042
3.0100000002
3.0180000002
3.0220000004
3.0060000004
3.0080000014
3.920000006
3.8760000076
4.0080000056
3.816000008
3.8680000052
3.8260000066
3.5080000066
3.4800000116
3.8500000086
3.4220000068
3.8480000074
3.8680000076
3.3500000072
3.3400000068
3.690000007
3.4640000078
3.5700000072
3.5560000062
3.6520000078
3.8720000072
3.7220000062
3.5200000076
3.9880000064
3.7040000072
3.9460000062
3.3980000092
3.4720000074
3.780000007
3.9240000072
3.6420000054
3.7840000058
3.7560000068
3.182000007
3.4800000072
3.7240000058
3.8760000054
3.516000006
3.256000005
3.0400000048
3.3180000066
3.5260000074
3.4220000066
3.5960000074
3.7640000068
3.854000007
3.662000005
3.418000007
3.4040000074
3.4740000064
3.5680000058
3.644000008
3.706000007
3.6260000058
3.6780000084
3.3660000072
3.6860000076
3.6860000068
3.380000007
3.666000006
3.680000008
3.74200001
4.0580000042
3.810000006
3.226000006
4.0220000068
3.9020000052
3.334000008
3.5440000066
3.916000007
3.746000007
3.8760000062
3.5460000102
3.6400000056
3.9040000064
3.3680000054
3.8760000072
3.3600000054
3.4260000062
3.0320000022
3.0480000024
3.0000000014
3.406000008
3.6120000082
3.4120000052
3.570000008
3.1660000072
3.6220000088
3.622000007
3.450000008
3.4860000064
3.6080000076
3.3500000062
3.5580000072
3.2940000078
3.6860000068
3.1320000092
3.5920000096
3.5600000068
3.3640000062
3.6960000086
3.5320000066
3.5300000084
3.5080000074
3.2860000056
3.278000006
3.616000009
3.478000008
3.3460000058
3.6140000086
3.454000007
3.5080000072
3.3000000086
3.474000009
3.5280000076
3.5720000084
3.62200001
3.322000008
3.0700000082
3.4580000084
3.2920000072
3.3280000046
3.4120000062
3.4660000078
3.3120000062
3.236000005
3.4800000084
3.250000007
3.396000007
3.2840000068
3.4700000092
3.4600000088
3.5220000092
3.594000009
3.5200000082
3.638000009
3.5100000072
3.5040000084
3.4840000082
3.0140000008
2.9820000004
2.9980000002
3.0000000006
2.9900000004
3.0000000008
3.0060000006
3.1980000034
3.2900000024
3.196000002
3.4460000014
3.2500000012
3.2680000016
3.1980000024
3.0420000006
3.250000002
3.2440000018
3.0840000026
3.0280000018
3.0900000038
2.9840000004
3.050000002
3.0340000024
3.092000002
3.0300000014
3.0080000008
2.9900000024
3.0360000022
3.050000003
3.0000000002
3.1480000116
3.2640000102
3.1000000104
3.2280000102
3.2140000094
3.12800001
3.2920000102
3.2280000094
3.260000011
3.0320000104
3.0900000104
3.0420000032
3.114000009
3.1180000114
3.062000003
3.2180000098
3.2000000098
3.0700000056
3.040000004
3.036000003
3.0040000022
3.0600000044
3.0480000042
2.9860000012
3.0120000056
3.0100000028
2.9960000024
2.9360000034
2.8560000036
2.9400000006
2.9260000022
2.8420000014
2.8820000024
2.8960000022
2.8880000032
2.8860000018
2.8360000026
2.9480000016
2.9200000024
2.9580000012
2.9260000012
2.644000009
2.986000016
2.8500000098
2.7560000156
2.842000016
2.8720000168
2.5880000114
2.9600000162
2.9680000186
2.9420000182
2.6900000114
2.8140000116
2.940000017
2.9220000136
2.8620000094
2.9920000158
2.8220000098
2.7720000154
2.766000016
2.8000000156
2.8240000116
2.8140000122
2.8620000176
2.6040000102
2.6860000066
2.9980000138
2.7620000152
3.0680000166
2.886000015
2.8060000112
2.7640000116
2.9840000146
2.9520000124
2.9260000126
2.864000008
2.9400000148
3.0000000002
3.0000000002
3.3580000064
3.2260000052
3.1480000048
3.2940000048
3.2280000044
3.1260000068
3.2040000058
3.2160000054
3.3500000074
3.3900000062
3.2480000052
3.360000007
3.262000008
3.3760000058
3.348000006
3.228000005
3.2660000056
3.2780000084
3.1420000058
3.298000006
3.2960000054
3.126000005
3.0420000042
3.1840000046
3.216000004
3.1980000036
3.1840000046
3.1780000042
3.0240000072
3.0400000032
3.2600000062
3.1060000048
3.1040000038
2.9940000004
3.0
3.140000005
3.158000005
3.064000003
3.128000005
3.1560000064
3.1580000064
3.2460000076
3.1920000078
3.1260000054
3.216000007
3.0900000042
3.1680000072
3.172000007
3.1400000048
3.090000005
3.1860000064
3.1500000044
3.040000005
3.0040000082
3.0700000048
3.0400000074
3.0660000072
3.1100000068
3.0680000036
3.0720000042
3.040000002
3.0740000044
3.1980000046
3.2040000064
3.1920000064
3.2520000056
3.1020000038
3.3900000062
3.1400000062
3.402000007
3.2740000056
3.2880000054
3.1220000028
3.1300000058
3.2720000076
3.1460000042
3.1880000052
3.280000006
3.106000006
3.0
3.0000000006
3.0320000014
3.0020000026
3.0200000024
3.0500000012
3.036000001
2.9960000006
3.0840000022
3.0140000004
3.0920000022
3.0160000014
3.0
2.9840000008
2.9860000006
2.9800000004
2.9780000014
2.9700000002
3.0000000018
3.010000003
2.9980000018
2.986000001
2.9940000008
2.9720000022
2.9920000014
2.9880000032
3.004
3.0000000002
3.0320000004
3.0180000004
2.9960000002
2.9980000004
3.0000000004
3.1260000022
3.0960000026
3.106000003
3.1600000048
3.1300000022
3.1720000046
3.0880000014
3.062
3.1420000026
3.1440000032
3.1080000044
3.1300000036
3.0240000024
3.0400000012
3.0360000008
2.9980000026
2.9960000032
2.9880000028
3.308000009
3.306000011
3.206000013
3.2880000114
3.2740000098
3.2340000112
3.2780000084
3.1580000112
3.3040000076
3.2440000104
3.276000007
3.280000008
3.1920000092
3.15600001
3.2480000084
3.1500000082
3.0840000114
3.2620000088
3.1320000096
3.3400000128
3.2880000114
3.24000001
3.3260000098
3.2880000114
3.24600001
3.2340000066
3.2980000086
3.2020000064
3.1360000134
3.25200001
3.2820000076
3.084000003
3.0460000034
3.008000002
3.0080000012
3.0060000014
3.036000002
3.0
3.0
3.0280000012
3.0520000006
3.0180000004
3.0340000002
3.0480000006
3.010000002
3.0300000018
3.0200000018
3.028000002
3.0460000022
3.0320000024
3.0340000012
3.038000002
3.0480000022
2.992000002
2.994000003
2.9820000044
2.9900000042
2.990000003
2.9980000034
2.9960000014
2.9860000026
2.990000004
3.0040000042
2.9900000028
3.004000002
2.976000003
2.990000003
2.9820000024
2.9700000034
3.010000003
2.9840000042
3.0640000028
3.2440000098
3.184000011
3.1460000076
3.2200000076
3.1160000096
3.0580000052
3.214000007
3.24000001
3.2000000096
3.0820000032
3.19200001
3.1600000088
3.1640000088
3.0940000088
3.110000007
3.052000004
3.1520000068
3.0
2.9960000002
2.998
2.9920000006
3.0240000022
3.0300000032
3.0100000022
3.0240000036
3.0180000022
3.0060000016
3.018000003
3.0300000028
2.8240000076
2.7420000052
2.8960000044
2.8900000044
2.8880000084
2.8940000098
2.8740000036
2.9240000068
2.8680000074
2.8540000076
2.9580000084
2.9440000078
2.8980000098
2.860000006
2.9380000094
2.902000008
2.966000007
2.9040000072
2.8180000088
2.9180000038
2.7680000042
2.9240000086
2.926000009
2.8280000064
2.7440000044
2.9220000022
2.930000003
2.9340000098
2.9200000062
2.7640000066
2.9440000076
3.144000013
2.9240000086
3.0760000114
3.0380000086
3.1820000122
2.882000011
2.9940000074
2.9540000082
2.9840000094
2.9440000062
3.166000011
2.8460000094
3.0320000116
3.0180000068
3.1180000124
3.0840000116
3.0560000092
3.1920000124
2.9560000132
3.1720000102
2.9560000078
3.1140000132
3.0380000088
3.042000012
3.1760000138
3.2600000118
3.1460000136
3.112000015
3.2300000148
3.0600000098
3.2280000146
3.1300000166
3.062000015
3.0080000146
3.068000016
2.8760000106
3.1380000132
3.0560000068
3.048000009
2.9280000124
3.1460000148
3.0800000124
3.0580000126
3.1720000112
2.938000012
3.0020000144
2.920000015
3.2160000174
3.1500000146
3.2780000134
2.9960000018
2.9980000006
3.0220000034
3.044000004
3.0160000026
3.6040000024
3.432000005
3.2740000046
3.5120000034
3.3620000036
3.2060000056
3.5260000028
3.6400000018
3.2520000048
3.3780000034
3.2340000046
3.3860000058
3.350000005
3.4940000032
3.3600000058
3.622000002
3.414000005
3.4680000038
3.5160000026
3.2800000032
3.4720000032
3.3620000046
3.2080000052
3.3860000044
3.5900000024
3.3760000036
3.3160000044
3.6280000028
3.1700000046
3.4780000034
3.2280000044
3.246000006
3.2840000048
3.5160000036
3.2800000048
3.4040000038
3.436000003
3.2000000042
3.1480000056
3.3200000046
3.3080000038
3.4940000036
3.3280000058
3.3980000068
3.3440000048
3.428000003
3.2780000044
3.3380000056
3.0040000004
3.0020000002
2.9960000002
2.9920000002
3.0220000036
3.0260000042
3.008000002
3.0220000028
3.0160000026
3.0880000062
3.0260000052
3.0600000026
3.016000007
3.0160000038
2.996
3.7340000204
3.5420000224
3.3600000236
3.5740000234
3.7640000194
3.0580000282
3.4540000254
3.7060000184
3.4040000282
3.4420000184
3.3280000238
3.4360000264
3.752000019
3.7840000174
3.4420000244
3.6840000154
3.408000021
3.3680000266
3.394000027
3.0500000272
3.6180000212
3.3780000262
3.4240000266
3.2580000142
3.8240000164
3.1800000228
3.6520000214
3.3800000264
3.6140000236
3.252000028
3.8000000188
3.3720000194
3.438000027
3.3860000268
3.5180000252
3.6660000166
3.3540000154
3.6060000172
3.1020000252
3.1960000206
3.2480000246
3.276000028
3.5220000234
3.0760000282
3.2420000214
3.498000025
3.3980000222
3.1480000248
3.2260000256
3.2840000294
3.1780000246
3.3880000234
2.8960000202
3.1500000256
3.772000018
3.3060000264
3.1780000264
3.6920000208
3.7380000148
3.3920000266
3.3420000234
3.8260000162
3.7000000146
3.6100000194
3.6020000204
3.0040000216
3.2680000152
3.56000002
3.6020000244
3.4880000256
3.1700000278
3.0760000216
3.2440000254
3.6640000218
3.3120000194
3.1840000134
3.5320000246
3.1980000272
3.544000026
3.68400002
3.7780000184
3.6160000202
3.8220000154
3.7020000186
3.832000013
3.7240000174
3.4160000176
3.7200000176
3.644000017
3.3460000252
3.7260000188
3.3360000274
3.1600000224
3.7720000132
3.7940000164
3.4120000254
3.5260000232
3.4140000232
3.5880000202
3.6200000152
3.224000026
3.0760000292
3.1380000236
3.6240000198
3.136000025
3.7540000204
3.234000027
3.530000025
3.2360000276
3.0
3.1220000056
3.048000004
3.106000005
3.0940000048
3.0260000032
3.0240000036
3.1120000042
3.068000003
3.0520000072
3.1320000052
3.1060000054
3.0920000062
3.0680000048
3.118000005
3.0900000034
3.0860000054
3.0200000018
3.0340000024
3.0360000034
3.0280000048
3.014000003
3.0740000042
3.0540000044
3.0460000064
3.0700000042
3.062000003
2.9980000028
3.0160000042
3.0500000016
3.112000005
3.0980000034
3.0900000042
3.0540000016
3.1280000046
3.1320000038
3.0140000036
3.0300000022
2.9940000022
3.1540000036
3.0360000026
3.1340000048
3.1220000032
3.1280000036
3.1080000028
3.0000000016
3.1300000042
3.0400000026
3.0
3.014000004
3.0260000012
3.0560000046
3.0380000044
3.0020000002
3.0040000022
3.0180000026
3.0620000016
3.0360000036
3.0680000024
3.0460000026
3.0540000036
3.0300000016
3.0860000028
3.0860000032
3.0700000022
3.0800000026
3.0340000026
3.090000003
3.0340000024
3.0440000032
3.0440000022
3.1020000046
3.0800000016
3.0700000046
3.0580000036
3.0340000028
3.0540000024
3.068000003
3.0960000028
3.050000002
3.0540000028
3.1040000044
3.0680000044
3.0800000038
3.0280000038
3.070000003
3.0520000034
3.1820000058
3.1920000058
3.0740000048
3.2180000054
3.132000006
3.150000005
3.0900000046
3.0840000032
3.1860000054
3.0
2.986
2.9920000006
2.9800000016
2.9460000016
2.9840000022
3.0220000002
3.016000001
3.0680000018
3.014000001
3.0360000018
2.9920000008
3.0500000022
3.0040000012
3.0040000006
3.0060000016
3.0260000028
3.0580000018
3.0220000026
3.0520000024
3.0060000014
3.0240000018
3.0
3.012000002
3.0000000034
2.9980000032
3.0180000078
3.0440000028
2.9740000058
2.9940000016
3.0340000048
3.0120000036
2.996000002
3.0020000044
2.9900000004
2.9580000026
3.032000003
3.0000000016
3.1380000114
3.1980000106
2.9560000116
3.2820000104
3.184000012
3.3380000102
3.1280000112
3.2580000098
3.0800000084
3.1720000064
3.1780000112
2.96400001
3.10200001
3.1020000124
3.2080000126
3.1040000084
3.2600000082
3.2880000098
3.1620000112
2.9800000064
3.1080000128
3.2820000088
3.0260000084
3.0580000086
3.28400001
3.110000009
3.0780000092
3.2840000122
3.1440000114
3.1540000126
3.2640000096
3.1160000066
3.0740000126
3.2460000078
3.31400001
3.1400000082
3.2560000112
3.1020000106
3.0780000102
3.0600000118
3.2360000076
3.012000008
3.2720000104
3.2200000092
3.1220000116
3.1980000088
3.204000008
3.324000012
3.3580000096
3.15000001
3.208000009
3.2860000088
3.204000011
3.2100000096
3.09400001
3.3120000128
3.3080000106
3.3260000084
3.2400000092
3.05800001
3.0900000114
3.1220000116
2.9460000116
3.2000000088
3.2620000096
3.100000005
3.0360000044
3.0180000036
3.0220000032
3.0440000032
3.098000006
3.0200000018
3.0980000052
3.0000000002
2.9900000002
2.9400000034
2.9900000008
2.9920000012
2.934000003
2.978000002
2.9960000018
2.9920000038
2.974000002
2.9840000038
3.0460000016
3.0080000004
3.0540000014
3.058000001
3.0300000014
2.9740000002
2.9960000016
2.9580000012
2.9940000026
3.0080000014
3.0580000026
3.0620000026
3.0680000024
3.0000000024
3.0200000014
3.0000000002
3.0
3.2940000078
3.452000011
3.6460000122
3.2840000078
3.4560000114
3.3580000088
3.6160000112
3.2160000084
3.5040000114
3.3100000092
3.3380000096
3.5800000112
3.512000012
3.4520000126
3.434000009
3.2420000078
3.3120000116
3.2080000104
3.2860000072
3.3280000096
3.3620000112
3.3300000088
3.3920000094
3.2660000098
3.1400000036
3.5680000124
3.3460000104
3.2820000088
3.3760000094
3.4620000102
3.3160000068
3.2800000074
3.134000006
3.3940000078
3.5340000114
3.4260000124
3.4220000086
3.570000011
3.3420000056
3.3540000096
3.3380000082
3.5100000112
3.3920000102
3.5720000128
3.4460000094
3.2460000058
3.5340000082
3.3220000096
3.5880000138
3.4380000126
3.1100000048
3.170000007
3.574000009
3.232000006
3.3120000096
3.3240000086
3.2240000074
3.4240000098
3.5960000116
3.5660000086
3.3900000086
3.3520000104
3.2500000078
3.0360000006
3.0740000024
3.156000005
3.1120000074
3.1320000044
3.1140000042
3.024000001
3.1980000056
3.190000006
3.154000008
3.0900000046
3.1460000048
3.1420000056
3.1540000078
3.1020000022
3.0740000022
3.0940000036
3.0000000002
3.3100000042
3.386000004
3.1560000032
3.4140000048
3.2780000034
3.3200000034
3.3300000038
3.2700000038
3.4100000044
3.380000004
3.1220000038
3.1840000038
3.1800000042
3.3500000036
3.2160000036
3.3820000032
3.4240000048
3.3840000054
3.0860000032
3.362000004
3.0860000018
3.1940000046
3.250000004
3.1280000022
3.1300000042
3.3040000058
3.3860000034
3.4360000042
3.3160000048
2.938000004
2.9820000028
2.9860000024
2.9800000038
2.9960000034
2.9820000022
2.9500000032
2.8800000112
2.9320000112
2.8800000108
2.7440000104
2.9200000076
2.9460000128
2.7780000132
2.6680000134
2.9720000142
2.8380000146
2.8980000142
3.030000014
2.9600000134
2.9900000112
3.0540000156
2.962000011
2.8500000168
2.9320000128
2.8480000112
2.9600000064
2.9020000084
2.9180000094
3.028000013
3.062000014
3.0520000148
2.9320000064
3.082000014
2.7820000134
2.8480000098
2.8560000176
2.8600000144
2.9460000174
2.9540000092
2.8780000062
2.9700000092
2.8280000094
2.9000000148
2.9660000044
3.008000012
2.84000001
2.9620000104
2.9420000102
2.944000011
2.8020000104
2.8280000108
3.0380000106
3.0560000116
2.960000014
2.8360000124
2.946000008
2.870000011
3.0040000118
3.0080000122
2.9540000102
3.024000013
3.0000000002
3.0180000012
3.0800000056
3.0240000022
3.0260000022
3.038000005
3.0840000044
3.064000005
3.0640000054
3.0180000018
3.0820000056
2.986000001
2.9700000028
3.0000000028
3.0160000044
2.9800000044
3.0300000048
2.978000001
2.9880000024
3.0000000008
2.9820000044
3.000000003
3.0580000044
2.9720000044
3.0400000052
3.0200000052
2.9780000042
3.006000005
2.9820000014
3.0040000012
2.7720000076
2.9120000066
2.8080000056
2.9400000064
2.9440000072
2.940000006
2.8580000064
2.9240000054
2.898000006
2.9600000054
2.9660000066
2.938000004
2.8660000086
2.9440000074
2.9640000054
2.9620000074
2.9720000056
2.9560000044
2.9480000056
2.9580000074
2.938000005
2.9760000064
2.9120000062
3.0400000058
3.0300000024
3.0380000042
3.034000003
3.0340000048
3.0340000028
3.0200000028
3.0340000028
3.0120000008
3.0180000014
3.0200000004
3.046000001
2.9920000012
3.0060000044
3.0140000024
3.0200000008
3.0100000028
3.4600000036
3.1260000032
3.2260000028
3.5320000032
3.3980000022
3.348000003
3.4000000028
3.4500000024
3.3920000032
3.344000002
3.264000004
3.454000003
3.4040000034
3.3240000024
3.340000003
3.4240000022
3.3000000024
3.4180000032
3.1280000038
3.4020000022
3.238000002
3.530000003
2.998
3.0060000004
3.0000000004
3.0020000008
2.9640000028
2.994000008
2.9880000042
2.952000004
2.9880000016
3.0040000046
2.982000005
2.970000003
2.958000004
2.9980000016
3.0000000012
3.0200000064
2.9920000036
3.0760000042
3.0880000066
3.0800000082
3.1000000044
3.082000007
3.0340000038
3.014000003
3.0020000014
2.9940000004
2.994000002
3.0000000014
3.032000002
3.0780000018
3.0180000014
3.0360000016
3.006000003
3.0600000012
3.0160000032
3.0140000008
3.1000000026
3.0880000022
3.056000001
3.0240000026
3.0320000022
3.0280000014
3.0380000026
3.0340000012
3.032000003
2.9880000054
3.0720000064
3.058000004
3.0320000022
3.140000004
3.0740000062
2.9960000004
3.0
3.0
3.0820000054
3.0660000028
3.0820000064
3.0640000038
3.0700000056
3.038000002
3.322000005
3.082000003
3.1980000036
3.2740000032
3.2580000036
3.1580000058
3.3620000052
3.2820000046
3.2760000054
3.2280000036
3.0
3.578000013
3.0520000178
3.224000016
3.1560000144
2.9780000204
3.0220000156
3.5340000156
3.436000016
3.0640000136
3.0340000138
3.1900000204
3.1060000188
2.8260000134
3.1420000138
3.4360000156
3.11800002
3.1760000166
3.5380000116
3.1860000186
3.126000014
3.2240000166
3.0820000132
3.1560000162
3.2060000112
2.9880000072
3.4280000168
3.0200000134
3.3440000158
3.3400000134
3.0540000152
3.2120000152
3.1660000184
3.182000017
2.9260000126
3.3920000156
3.1420000166
3.1240000118
3.334000017
3.3760000176
3.4040000164
3.14800001
3.3280000136
3.2140000158
3.196000018
3.468000014
3.5700000142
2.8500000146
3.2860000136
3.3120000166
3.2680000118
3.3660000166
3.2140000154
3.3180000184
3.4120000134
3.574000013
3.1440000152
3.1540000112
3.5180000154
3.3720000136
3.2940000128
2.9940000118
3.4600000144
3.370000016
3.4000000142
3.350000016
3.3960000164
3.308000016
3.3220000184
3.2980000148
3.3300000124
3.004000013
3.2140000156
3.3180000164
3.0640000164
3.108000011
3.092000017
2.8620000162
3.042000003
3.0280000024
3.0440000014
2.9860000016
2.9640000012
2.9940000054
2.9840000028
3.0360000054
3.0000000022
2.968000001
2.962000004
2.878000003
2.9740000024
2.9860000008
2.9560000052
3.0460000004
3.0380000008
3.0660000014
3.0140000032
3.0340000048
3.092000008
3.0300000052
3.0120000022
3.1020000094
3.0200000034
3.0640000068
3.0640000072
2.9760000104
3.0400000072
3.0400000052
3.0200000114
3.0300000056
3.014000005
3.1380000058
3.1760000106
3.0080000056
3.0140000096
3.0460000054
3.0120000048
3.0100000006
3.036000006
3.1300000072
3.012000003
2.9100000078
3.0960000082
3.1360000086
3.128000009
2.964000008
3.0020000042
2.9960000034
3.0360000048
3.152000008
3.0340000022
3.0720000082
3.0060000004
2.9960000002
3.0100000008
2.992
2.9940000002
3.002
3.0
2.996
3.0
2.9640000014
2.9600000022
2.9500000014
2.9600000024
2.9560000012
2.9520000012
2.9820000008
2.968000002
2.9360000014
2.9200000006
2.9720000014
2.9700000006
2.9700000022
2.9540000026
2.9760000014
2.9980000002
3.0880000032
3.0220000026
3.0100000024
3.0220000022
3.024000003
3.0960000052
3.0400000036
3.0320000062
3.002
3.2080000048
3.5400000106
3.1880000084
3.2400000086
3.3180000118
3.2180000098
3.3860000108
3.280000011
3.2620000088
3.3040000112
3.5480000106
3.3020000108
3.1900000142
3.380000012
3.2140000124
3.3860000088
3.5900000118
3.4800000118
3.4460000122
3.3040000146
3.2300000114
3.236000007
3.3080000116
3.434000012
3.2040000114
3.51000001
3.2980000108
3.2120000116
2.9960000112
3.2880000104
3.3380000116
3.5020000118
3.3620000088
3.3260000114
3.3620000112
3.3200000114
3.4680000106
3.4320000112
3.530000012
3.3020000122
3.3500000118
3.284000011
3.3020000084
3.4180000104
3.2580000084
3.5140000114
3.4560000108
3.4380000086
3.3660000082
3.4080000118
3.490000011
3.3740000118
3.47000001
3.5260000116
3.4300000094
3.1960000118
3.31000001
3.4120000116
3.0000000006
3.0000000004
3.2300000052
3.1140000062
3.2260000036
3.1360000054
3.0300000026
3.1460000042
3.0600000034
3.2060000042
3.040000001
2.9980000066
3.012000001
3.0020000012
3.0360000022
3.0580000042
3.0140000014
3.018000002
3.0220000024
3.0820000032
3.0100000036
3.0220000002
3.000000001
3.0
3.0
3.0000000002
3.0040000016
3.002000001
2.9920000002
2.996000001
3.0100000014
3.0200000022
2.9880000002
3.0020000016
2.9560000012
2.9660000012
2.976000002
2.9920000014
3.0080000014
3.0100000022
2.9720000014
2.9900000014
2.9800000038
3.1680000046
3.1140000062
3.368000008
2.986000005
3.3740000064
3.4260000064
3.1260000084
3.1020000092
3.3700000078
3.1440000078
3.3300000058
3.1600000056
3.3720000056
3.1060000038
3.3580000082
3.1440000078
3.3480000056
3.1740000094
3.0920000046
3.0000000002
3.0020000004
2.9980000008
3.0
3.0000000002
3.0
3.0020000002
3.0540000036
3.0240000014
3.048000003
3.032000004
3.0540000022
3.002000001
3.004
3.0000000086
3.0200000078
3.0240000064
3.020000007
3.0100000034
3.0060000096
3.032000004
3.0180000028
3.0040000084
3.0040000008
3.0140000078
3.0340000054
3.0040000048
2.9840000022
2.8860000014
2.9580000028
2.974000002
2.9880000006
2.9840000014
3.0040000006
3.0060000004
3.0020000002
3.2500000062
3.1100000052
3.3300000066
3.2720000092
3.1600000076
3.154000006
3.018000002
3.1040000048
3.2680000122
3.2440000052
3.3440000096
3.3540000094
3.3620000088
3.1560000138
3.306000009
3.1720000124
3.3940000078
3.1240000068
3.3420000088
3.228000005
3.188000005
3.2600000074
3.3300000066
3.3160000084
3.0280000028
3.2820000086
3.1420000076
3.2660000072
3.444000008
3.398000006
3.5520000052
3.4720000096
3.0960000062
3.334000006
3.2900000048
3.5320000074
3.266000006
3.270000008
3.1320000036
3.224000008
3.4900000062
3.1980000052
3.5280000066
3.3720000056
3.2440000062
3.3240000066
3.172000007
3.116000003
3.2620000068
3.1420000052
3.3920000048
3.3000000052
3.4400000068
3.0100000018
2.998
3.0000000008
2.9820000034
2.9800000018
2.9740000016
2.9820000004
3.0700000084
3.144000009
3.0760000072
3.2060000094
3.3080000124
3.3780000112
3.134000009
3.1440000102
3.0600000064
3.1580000098
3.4460000116
3.18600001
3.1560000104
3.1160000082
3.0380000056
3.112000009
3.146000009
3.4400000098
3.228000008
3.2940000112
3.160000011
3.0920000104
3.2020000102
3.3080000114
3.4080000134
3.1240000082
3.2080000096
3.2020000106
3.3060000112
3.272000012
3.12400001
3.2420000096
3.1940000126
3.3480000104
3.2600000116
3.1080000074
3.1460000096
3.3800000104
3.4120000136
3.3700000108
3.3700000108
3.372000013
3.1540000114
3.2320000106
3.2720000114
3.0600000086
3.1680000094
3.0
3.0000000002
2.9740000012
2.9700000052
2.974000004
2.9720000028
2.994000003
2.9940000068
2.9760000034
2.9720000032
2.9740000028
2.9980000024
2.9780000042
2.940000002
3.0000000018
2.9660000036
2.9820000056
2.9760000032
3.0440000024
3.090000003
3.130000003
3.048000002
3.0740000024
3.0660000014
3.0920000028
3.0040000006
3.0480000018
3.0360000018
3.0
3.0
3.0980000054
3.012000002
3.0680000058
3.0040000018
3.0140000034
3.100000004
3.0140000024
2.9180000054
3.0120000026
3.088000006
3.0120000054
2.9920000018
3.0620000028
3.116000006
3.2040000072
3.1080000064
3.0280000038
3.1140000054
3.024000002
3.124000006
3.148000005
3.1800000068
3.0580000036
3.1440000046
3.0080000042
3.0840000054
3.1340000056
3.0120000038
3.070000004
3.0480000036
3.0080000004
2.9940000002
3.0000000008
3.0040000002
3.0580000018
3.0
3.0100000002
2.9980000004
3.0060000002
3.0
3.3940000072
3.2420000048
3.3720000056
3.1960000052
3.2340000058
3.0780000034
3.2320000052
3.3240000056
3.1080000014
3.074000004
3.2920000054
3.254000007
3.1160000036
3.2420000044
3.0780000026
3.0360000034
3.3520000064
2.9180000086
3.022000004
3.0180000072
3.090000007
3.0460000068
3.1540000076
2.9660000076
3.0860000072
3.010000004
3.1300000066
3.0540000088
3.0040000086
2.9980000006
2.9980000004
3.0260000018
3.0260000026
3.0020000008
3.0320000014
3.0240000024
3.0160000004
3.0020000004
3.004
2.992
3.0020000002
2.996
3.4280000182
3.4020000126
3.2280000158
3.7280000124
3.6040000166
3.5740000166
3.3320000114
3.3640000152
3.4920000186
3.3660000128
3.2640000124
3.342000011
3.5440000156
3.4880000148
3.3880000158
3.7540000128
3.724000014
3.2460000162
3.1060000048
3.030000018
3.668000013
3.26200002
3.6580000144
3.1880000134
3.2880000146
3.6480000164
3.564000016
2.9960000166
3.2280000144
3.7280000118
3.2420000156
3.3540000176
3.7600000136
3.1800000198
3.730000012
3.370000016
3.5900000092
3.7480000144
3.6600000156
3.4240000136
3.3340000178
3.3700000128
3.2900000172
3.300000014
3.0160000176
3.3740000118
3.4180000126
3.0840000044
3.6820000134
3.6500000138
3.2520000138
3.4280000146
3.4680000126
3.720000015
3.1620000152
3.1840000168
3.292000014
3.610000012
3.6100000146
3.0240000168
3.4740000138
3.7380000128
3.1760000114
3.2200000148
3.30200002
3.0100000024
3.0140000026
3.0120000012
3.0360000016
3.026000001
3.004
3.0060000002
3.0
2.9980000002
3.0920000146
3.4120000118
3.3200000118
3.0500000028
3.1060000054
3.1060000058
3.094000005
3.1260000088
3.3180000088
3.2640000102
3.1940000108
3.2720000108
3.3700000076
3.0980000062
3.308000009
3.334000013
3.1520000072
3.2460000114
3.1200000056
3.1500000074
3.1460000068
3.378000011
3.3580000088
3.0380000034
3.3480000084
3.3560000094
3.0740000032
3.1300000076
3.3360000136
3.32600001
2.9920000002
2.9940000004
2.986
3.0
3.1620000036
3.032000003
3.0900000022
3.0340000016
3.4320000036
3.174000003
3.3760000026
3.2800000034
3.0920000032
3.128000001
3.1360000038
3.0940000026
3.0780000018
3.298000004
3.0400000022
3.0440000022
3.0200000012
3.0360000018
3.0640000018
3.0700000024
3.092000002
3.0360000014
3.0220000018
3.0080000008
3.0240000002
3.0160000002
3.018
3.0200000002
3.0760000004
3.0500000004
3.0140000002
3.002
3.002
3.0640000056
3.4040000092
3.248000015
3.2200000106
3.3120000134
3.4420000116
3.3860000128
3.1860000088
3.3700000144
3.3300000124
3.0800000038
3.4420000096
3.246000015
3.1300000104
3.44600001
3.270000012
3.528000008
3.3360000126
3.2460000132
3.4120000138
3.2360000098
3.1580000094
3.168000013
3.5040000094
3.5340000112
3.1520000088
3.130000006
3.238000013
3.2780000082
3.296000017
3.0160000146
3.4340000138
3.002000001
3.0160000014
3.2500000074
3.0760000054
3.0840000044
3.1440000058
3.1840000046
3.2100000054
3.1200000062
3.0680000062
3.058000005
3.0420000028
3.050000004
3.2120000078
3.0800000062
3.0980000062
3.2000000102
3.0760000064
3.2620000074
3.160000005
3.2640000066
3.230000008
3.2440000066
3.1220000074
3.2440000054
3.1980000072
3.2040000056
3.1200000044
3.2120000082
3.0860000056
3.0620000044
2.9980000002
3.006
3.0
3.0
3.002
3.0220000034
3.280000015
3.0240000016
3.2660000148
3.0260000056
3.2680000134
3.1180000156
3.0520000046
3.0840000096
3.0040000024
3.0880000072
3.0560000078
3.0340000062
3.2360000152
3.2520000124
3.2420000106
3.1120000104
3.0180000028
3.078000009
3.0280000058
3.0080000134
3.1800000146
2.9940000004
2.996
3.1940000078
3.0180000038
3.1240000054
3.160000009
3.0720000086
3.1600000086
3.1160000066
3.0760000054
3.138000004
3.0280000014
3.026000004
2.9280000048
2.9340000054
2.9200000066
2.9580000052
2.9660000046
2.9700000068
2.974000005
2.8680000084
2.9280000068
2.6820000078
2.900000008
3.0000000058
2.8780000064
3.0160000058
3.0420000078
3.0
3.0
2.996
3.0600000034
3.1600000062
3.1020000046
3.0440000044
3.0680000022
3.016000002
3.0220000014
3.1140000046
3.0460000026
3.0500000026
3.1280000042
3.0800000054
3.128000007
3.2120000076
3.124000005
3.2560000074
3.0740000036
3.0660000042
3.2720000082
3.2700000084
3.1420000054
3.056000004
3.0780000048
3.0620000054
3.0740000042
3.1020000068
3.1660000054
3.152000005
3.1700000068
3.1160000078
3.2920000068
3.3020000074
3.1420000068
3.2640000064
3.2100000066
3.1040000034
3.2120000072
3.046000004
3.0040000004
3.0
3.002000001
3.0040000002
3.0000000004
3.0060000004
3.0100000006
3.4020000078
3.1640000076
3.3760000078
3.1620000058
3.0880000052
3.502000011
3.4260000108
3.296000009
3.206000006
3.280000007
3.4040000082
3.5720000098
3.2060000104
3.2700000072
3.6340000106
3.276000006
3.5520000088
3.50200001
3.6160000092
3.1740000048
3.5440000112
3.2040000064
3.568000011
3.0920000074
3.5480000094
3.3000000086
3.386000011
3.3620000108
3.224000005
3.1780000064
3.462000011
3.3540000096
3.192000007
3.1780000072
3.310000008
3.2700000086
3.3380000092
3.5500000098
3.2060000082
3.3620000072
3.242000008
3.1120000058
3.5200000084
3.0940000068
3.56800001
3.5900000126
3.3560000082
3.5440000104
3.250000007
3.0360000034
3.356000009
3.428000011
3.1260000058
3.016000004
3.0200000072
2.9740000058
3.0220000046
3.0060000074
3.0220000088
3.0140000034
3.0340000036
2.9340000074
2.9940000044
2.9860000068
2.9820000076
3.0280000014
3.034000007
3.0240000044
3.0000000052
2.9740000004
2.9460000006
2.9760000012
2.9700000006
2.9740000012
2.9840000012
3.446000019
4.088000006
3.4380000086
3.612000013
3.5980000116
3.4820000114
3.5040000164
4.0440000082
3.5940000156
3.9900000062
3.27800002
3.8520000108
3.6160000104
3.8160000132
3.6080000118
3.24800001
3.9880000076
3.6300000126
3.8700000096
3.8640000096
3.7700000126
3.7180000112
3.7980000078
3.5120000154
3.236000022
3.5920000118
3.5540000186
3.668000016
3.182000005
4.000000006
3.548000014
3.8000000124
4.036000008
3.4280000122
3.5280000118
3.8840000094
3.6480000156
3.6200000132
3.4060000094
3.6460000118
3.9540000092
3.7200000074
3.5180000074
3.9220000084
3.9800000074
3.8500000096
3.3460000106
3.692000013
3.7620000128
3.4780000088
3.5480000104
3.44400002
3.64200001
3.4320000134
3.542000009
3.8500000066
3.6160000108
3.7700000136
3.9560000074
3.4600000092
3.2660000196
3.7200000178
3.7540000094
3.904000006
3.352000008
3.8560000078
3.6540000146
3.5140000178
3.3920000182
3.602000009
3.9760000084
3.5840000158
3.8960000084
3.566000012
3.5100000118
3.4660000124
3.216000009
3.0620000072
3.1940000096
3.406000017
3.5260000124
3.2100000074
3.1380000062
3.1120000168
3.1220000104
3.2560000132
3.2920000164
3.214000015
3.1200000074
2.910000004
3.1840000146
3.2440000126
3.1780000152
3.1680000184
3.1760000086
3.068000005
3.5020000116
3.1960000112
3.1300000066
3.2440000142
3.1500000088
3.1960000106
3.2620000142
3.0400000076
3.0000000002
3.0140000052
3.0720000088
3.2060000114
3.008000004
3.040000007
3.078000006
3.1620000124
3.2500000104
3.134000011
3.0400000062
3.1440000074
2.9580000106
3.0520000066
3.1740000146
3.194000012
3.162000009
3.0740000102
3.1480000112
3.160000013
3.2220000092
3.040000006
3.0580000072
3.0600000078
2.994
2.9960000006
2.978000001
2.9780000014
2.9780000012
2.9840000012
2.9940000002
3.0000000004
2.9720000012
2.9800000004
3.1860000036
3.1760000024
3.026
3.0200000018
3.1180000026
3.0340000006
3.0420000012
3.1440000026
3.0400000022
3.0240000002
3.0000000004
3.004
3.0340000028
3.0160000008
3.0000000018
3.0360000022
3.0200000032
3.028000003
3.0180000016
2.996000001
3.004
3.006000001
3.002
3.0540000012
3.0240000012
3.000000001
3.0240000014
3.0
2.996
3.0080000038
2.9840000016
3.0420000042
2.9960000014
3.0240000042
3.0000000014
3.0180000026
3.0140000042
3.022000005
3.048000005
3.0320000042
3.0140000034
3.010000004
2.9960000024
3.058000005
3.0320000042
3.046000005
3.1940000048
3.024000002
3.0380000026
3.222000005
3.1680000046
3.0280000022
3.128000004
3.2080000054
3.190000005
3.0760000022
3.0460000034
3.0520000044
3.0440000022
3.0500000022
3.0640000016
2.8940000038
3.0580000034
2.9940000026
3.0540000038
3.002000001
2.992000001
3.0480000012
3.1280000032
3.0460000026
3.1040000024
3.124000002
3.1240000014
3.0400000022
3.048
3.1560000034
3.1240000022
3.1040000012
2.982000006
2.8920000046
2.942000004
2.942000006
2.9280000058
2.9340000046
2.9700000062
2.9500000044
2.9600000084
2.914000007
2.974000012
2.960000006
2.9480000054
2.9300000058
3.0160000064
3.0420000112
2.9240000028
2.9700000044
2.9680000102
2.9600000058
2.9740000052
2.904000008
2.8980000102
3.056000007
2.94800001
3.0380000094
3.0200000068
2.9100000046
2.9920000062
2.9320000138
2.9800000104
2.922000006
2.9140000098
2.9160000062
3.020000009
2.964000009
3.0780000066
3.080000008
3.032000007
3.0260000126
3.0120000112
2.9640000096
2.9840000106
2.9520000046
2.9980000072
2.990000008
3.0340000132
2.8980000028
2.9320000052
3.0320000108
3.0240000094
2.988000009
2.958000007
2.9500000062
2.9740000068
3.0
3.022000001
3.0020000004
2.9960000014
3.0080000006
3.0140000012
2.9980000002
3.0000000002
3.150000006
3.344000013
3.0840000046
3.0420000006
3.3340000114
3.1000000034
3.3680000104
3.1420000048
3.2320000084
3.1720000062
3.2100000072
3.3480000122
3.1760000076
3.350000009
3.1840000078
3.0820000046
3.1720000076
3.2920000142
3.1980000074
3.0480000022
3.2800000086
3.3080000096
3.4280000114
3.2560000088
3.3940000114
3.088000003
3.400000011
3.102000005
3.2720000114
3.0680000048
3.3460000128
3.3640000106
3.150000007
3.0620000062
2.8860000144
2.9460000112
3.31400002
3.2800000226
2.9360000144
3.1800000232
3.0800000168
3.0240000182
2.7480000174
3.0040000158
3.3040000192
3.0860000192
3.0600000202
3.2640000206
2.7620000172
2.8280000116
2.9800000196
2.7000000186
2.8860000176
3.0860000214
3.0960000176
2.9400000154
2.786000016
3.0120000226
3.0020000234
3.1500000212
3.0920000186
3.030000014
3.0040000182
3.2080000188
3.060000016
3.0040000172
2.7860000154
2.800000021
2.9300000128
3.0140000146
2.9700000146
3.1220000214
3.0640000172
2.7040000168
3.0300000086
2.8040000154
2.7680000188
3.1980000218
2.9120000144
3.2240000208
3.1480000164
2.9440000168
3.3840000184
2.9160000168
3.2700000214
3.122000018
3.2460000228
3.0780000192
3.2760000168
3.3600000184
3.0080000204
3.2660000236
3.0540000162
2.968000001
2.984
2.9880000002
2.9840000018
2.9980000008
2.9820000014
3.0220000034
2.9820000058
3.0220000058
3.0680000044
2.998000002
3.1020000076
3.092000005
3.014000003
3.1060000058
3.0820000078
3.016000004
3.168000008
3.158000006
3.042000004
3.0580000042
3.0560000038
3.1000000052
3.0880000066
3.0800000052
2.9840000056
3.0520000042
3.0760000062
3.1000000048
3.1100000066
2.9960000044
3.1100000076
3.1000000066
3.0060000008
2.9940000048
2.9820000068
2.9900000004
3.0460000052
3.0100000048
2.9960000024
3.0220000034
2.9960000066
2.9900000014
2.9900000032
3.0000000002
3.0
2.9980000004
3.01
2.9980000004
3.0140000008
3.002000001
3.0000000006
3.0160000008
3.0140000012
3.0140000012
3.0140000008
3.0080000012
3.0
2.996000001
2.9860000012
2.9940000004
2.986000002
3.012000006
3.0140000046
2.9360000034
2.9880000006
2.9880000014
3.0100000012
3.004000001
3.1020000056
3.2920000114
3.1120000148
3.1460000086
3.1220000094
3.0520000036
3.366000012
3.0480000028
3.0540000056
3.1640000066
3.1100000104
3.114000008
3.0300000044
3.194000007
3.2440000084
3.1100000078
3.0400000042
3.2360000116
3.0320000052
3.1660000048
3.0360000024
3.002000006
3.0180000036
3.0440000044
3.0
2.998
3.1700000056
3.6320000056
3.1120000042
3.0800000054
3.0700000054
3.3440000074
3.3960000058
3.3300000054
3.190000007
3.1120000044
3.0400000036
3.3460000062
3.2720000056
3.0800000046
3.1380000054
3.1520000058
3.4760000058
3.3260000062
3.6340000052
3.318000007
3.6260000058
3.2880000058
3.5600000058
3.3600000062
3.3580000046
3.416000006
3.226000008
3.2140000064
3.3380000062
3.1480000044
3.3240000062
3.2880000054
3.0440000046
3.4440000052
3.2540000046
3.0300000018
3.4980000048
3.2220000054
3.244000007
3.1400000056
3.5120000052
3.2040000062
3.2080000062
3.080000006
3.2400000078
3.1600000048
3.270000006
3.222000004
3.2260000052
3.2360000048
2.996
2.9960000002
3.0380000018
3.074000001
3.1020000028
3.03
3.0380000018
3.0
3.0020000004
3.0000000006
3.0060000002
2.9980000012
2.9940000006
3.0180000008
2.9980000006
3.0220000018
3.0280000012
3.0120000026
3.0020000014
3.0040000012
2.994000001
2.9960000004
3.026000003
3.074000007
3.0160000036
3.0360000042
3.0260000012
3.0360000026
3.0160000028
3.0020000004
3.0180000028
3.0020000006
3.0620000034
3.0380000038
3.002
2.9920000002
3.0280000008
3.0060000006
3.0580000018
3.0160000006
3.0100000018
3.0200000002
2.9620000034
2.930000002
2.9760000086
2.9680000034
2.9860000024
2.9140000074
2.7720000026
2.9560000014
2.938000004
2.9620000088
2.9800000086
3.1100000028
3.0960000018
3.0160000004
3.0940000026
3.0780000018
3.1060000026
3.0760000022
3.050000001
3.0460000016
3.1060000032
2.9480000046
2.9380000094
2.950000006
2.942000007
2.968000011
2.9760000062
2.9160000058
2.8240000066
2.9040000134
2.972000009
2.9160000062
2.9920000094
2.9740000066
2.908000007
2.9980000106
2.9560000074
2.9220000062
2.99400001
2.9360000092
2.91600001
2.944000013
3.0160000086
2.964000005
2.994000009
2.8920000076
2.9700000118
2.922000004
3.0140000074
3.0020000088
2.9640000078
2.8760000088
3.0440000092
2.9460000076
2.9300000056
2.9760000072
2.9780000104
2.9660000058
2.856000009
2.9400000054
3.0520000012
3.1000000034
3.0500000022
3.0460000024
3.0480000018
3.0220000006
3.0420000022
3.0380000016
3.0660000032
2.9720000028
2.9940000006
2.9980000016
2.9800000016
2.990000002
2.9740000024
2.988000002
2.9980000018
3.006000002
3.0140000004
3.0420000044
3.066000005
2.9720000056
3.1140000052
3.0240000024
3.0120000018
3.0240000026
2.9940000012
3.1300000042
3.1440000038
3.1380000052
3.122000004
3.2380000076
3.0640000038
3.1480000042
3.1280000056
3.2520000066
3.3040000076
3.1340000058
3.1440000054
3.2820000064
3.1160000034
3.124000003
3.0780000022
3.3400000056
3.2080000054
3.2240000052
3.0820000034
3.0900000032
3.2180000062
3.1080000058
3.0
2.9980000004
3.0040000014
3.0740000044
3.010000001
3.012
3.0400000024
3.034000003
3.0000000012
3.104000004
3.1700000012
3.200000002
3.1620000014
3.0980000024
3.0980000006
3.1180000026
3.0820000026
3.1140000026
3.1520000034
3.1280000012
3.212000002
3.114000003
3.0720000012
3.156000003
3.152000002
3.1080000032
3.1320000016
3.2080000022
3.098000002
3.1400000016
3.0780000024
2.9960000008
3.0040000022
2.9960000006
3.0100000022
3.29200001
3.0720000018
3.124000005
3.1320000042
3.2980000082
3.2660000086
3.1420000058
3.168000007
3.1100000056
3.2500000064
3.3040000052
3.148000006
3.140000006
3.076000001
3.1580000046
3.220000005
3.1680000052
3.162000005
3.1580000066
3.1620000026
3.1080000064
3.4180000056
3.3540000088
3.3780000062
3.1340000062
3.3160000062
3.2160000038
3.1620000062
3.1760000062
3.022000001
3.0200000004
3.0300000014
3.0620000028
3.0100000018
3.020000003
3.0260000026
3.0120000006
3.0140000018
3.0180000022
3.030000001
3.0200000016
3.028000002
3.0120000016
3.0720000042
3.0040000002
3.0
3.0000000002
3.006
3.1060000092
3.1080000116
3.0940000106
3.316000014
3.028000009
3.250000014
3.0320000178
3.2240000094
3.0060000078
3.1580000128
3.0360000062
3.2040000146
3.0300000058
3.0500000102
2.9420000134
3.118000012
3.0720000116
3.24400001
3.0560000088
3.050000018
3.1140000124
3.1440000114
2.938000017
3.082000015
3.0120000068
3.050000007
3.1120000092
3.1200000126
3.2540000124
3.1660000174
3.0000000004
2.9940000002
3.0020000002
2.9400000004
2.9580000002
2.99
2.996
3.0
3.0020000006
3.0080000018
3.0000000008
3.0560000044
3.1060000084
3.1260000086
3.0080000008
3.0580000058
3.0540000052
3.0780000058
3.1120000088
3.0140000032
2.9960000002
2.9960000002
3.0280000012
3.0240000014
3.060000001
3.0580000014
2.9800000016
2.9880000022
2.9820000008
3.004000002
2.9700000004
2.9700000008
2.9820000006
2.960000002
2.992000001
2.988000003
2.998000003
3.1900000054
3.1100000018
3.208000006
3.1920000052
3.266000009
3.2300000058
3.3580000074
3.2220000086
3.2280000074
3.4440000086
3.3980000064
3.4020000082
3.2440000076
3.1540000046
3.276000007
3.4960000068
3.1540000076
3.2460000076
3.1580000052
3.2320000044
3.3800000082
3.154000004
3.3500000078
3.3880000078
3.4300000084
3.4740000102
3.0580000022
3.3500000098
2.9840000056
2.9980000024
2.978000003
3.020000007
2.9700000042
2.978000005
2.9780000048
2.9700000084
2.9980000046
2.9720000032
2.9800000084
2.9400000068
3.0280000066
2.9660000068
2.9640000054
2.9600000088
2.9760000032
2.9720000064
2.9900000042
3.0120000006
3.006000001
3.0100000002
3.0080000014
3.0060000008
3.0020000002
3.0760000118
3.3120000174
3.100000012
3.162000019
3.1380000154
3.2240000168
3.240000013
3.054000011
3.096000012
3.2980000154
3.0680000114
3.1280000118
3.1100000134
3.0480000044
3.264000017
3.1200000186
3.0840000124
3.1260000182
3.0700000086
3.0560000118
3.070000016
2.970000015
3.104000019
3.1680000098
3.270000016
3.2400000174
3.0060000088
2.9780000128
3.0960000108
3.02400001
3.1200000158
3.2980000162
3.2540000134
3.1760000114
3.224000014
2.9700000136
3.0640000086
3.1680000142
3.0760000124
3.0760000154
3.0260000106
3.0520000148
3.1320000106
3.1220000168
3.0900000106
3.0920000144
3.1460000102
3.104000012
2.844000008
2.834000014
2.820000013
2.8520000066
2.7680000052
2.7840000082
2.6240000084
2.8740000076
2.8020000104
2.7720000132
2.958000017
2.8400000104
2.7760000142
2.694000011
2.8640000126
2.7860000082
2.7640000078
2.9000000158
2.816000006
2.7220000068
2.9260000158
2.8000000096
2.8480000104
2.9640000146
2.8840000152
2.7520000098
2.8240000082
2.8080000064
2.8900000126
2.7360000088
2.7660000066
2.5060000032
2.7080000032
2.6320000056
2.5480000058
2.9040000164
2.8340000116
2.776000012
2.9260000166
2.67000001
2.9160000132
2.6000000064
2.7540000058
2.8160000066
2.6860000076
2.8300000112
2.8500000116
2.766000012
2.7000000102
2.8480000088
2.6740000044
2.75800001
2.8280000128
2.7380000112
2.8780000148
2.7600000106
2.8640000068
2.9160000162
2.8440000126
2.8520000158
2.8800000126
2.8700000146
2.8680000072
2.8020000092
2.6880000108
2.852000007
2.9380000136
2.8100000124
2.960000015
2.6460000068
2.754000008
2.7260000086
3.022000004
3.0600000046
3.0400000034
3.0220000026
3.010000001
3.0200000012
3.0020000006
3.012000001
3.0100000012
3.0040000008
3.0360000054
2.9940000018
3.0100000022
2.9800000028
3.0040000022
2.9980000024
3.0120000028
2.9960000022
3.016000004
2.9980000016
3.0240000036
3.0160000038
3.0180000048
3.0240000036
3.0140000022
2.9900000034
2.9980000028
2.9940000022
2.9880000022
3.0000000018
2.9920000026
3.0160000042
3.0000000006
3.0060000004
3.0960000016
3.1840000022
3.066000001
3.1540000018
3.0960000014
3.2020000022
3.2180000016
3.048000001
3.034000001
3.1180000018
3.1480000012
3.0
3.0720000046
3.054000003
3.0380000032
3.0560000052
3.0340000016
3.182000006
3.1660000054
3.1700000044
3.1440000024
3.170000005
3.0180000004
3.018000001
2.9980000014
3.0240000014
3.0140000022
3.0320000014
3.0080000016
3.0060000022
3.0120000012
3.1400000042
3.0660000042
3.1800000044
3.2900000054
3.2220000064
3.2100000048
3.2020000056
3.1960000046
3.1460000048
3.1860000072
3.160000004
3.178000006
3.218000004
3.2320000058
3.2120000064
3.200000006
3.0720000042
3.1820000074
3.1320000046
3.2340000066
3.0900000046
3.066000002
3.0720000028
3.0460000028
3.066000003
3.0740000022
3.072000007
3.0940000052
3.0920000046
3.0580000036
3.058000003
3.0820000038
3.0360000028
3.0
3.0020000002
3.0000000002
3.0100000018
2.994000001
3.0000000044
3.0220000006
3.0200000014
2.9960000024
3.0280000004
3.0180000002
2.8960000098
2.998000001
3.058000009
2.9900000026
3.008000001
3.016000004
2.9900000042
3.026000009
2.9840000022
3.0000000002
3.0040000004
3.0000000004
3.0
2.998
3.0780000058
3.1840000048
3.0240000026
3.0060000028
3.0540000046
3.110000007
3.0440000062
3.0180000016
3.144000004
3.1180000042
3.136000007
3.1560000064
3.0240000064
3.0400000024
3.1640000052
3.0380000044
3.1380000058
3.1100000062
3.0820000024
2.9960000002
3.004
2.9820000036
3.0020000014
2.9700000018
2.9940000016
3.0240000084
3.0040000032
2.9540000038
3.0020000064
2.9900000014
2.9560000052
2.866000004
3.0020000024
2.960000004
2.940000006
2.9980000028
2.9880000036
2.998000001
2.9920000014
2.9980000022
2.9800000036
3.0000000006
3.0020000008
3.0060000002
2.996
3.0020000004
2.9980000006
3.0000000012
3.0020000014
3.0440000024
3.050000003
3.074000004
3.0840000036
3.0540000034
3.1100000042
3.0520000046
3.0820000036
3.0640000026
3.0680000034
3.0580000024
3.0800000044
3.154000005
3.0500000032
3.142000003
3.0
3.0000000002
3.002
3.02
3.0220000002
3.0180000002
3.048
3.0
3.0200000006
3.0120000004
3.01
3.0
3.006
2.9980000008
3.0000000004
3.0000000006
3.046000003
3.0140000016
3.0160000016
3.0200000028
3.0120000032
3.0040000002
2.9960000012
3.0000000008
3.0000000006
3.0080000018
3.0000000008
3.0140000008
3.0180000026
3.0080000036
3.0020000012
3.0020000006
2.9980000004
3.0260000016
3.0
3.002000001
3.0320000028
3.0020000004
3.0140000006
3.000000001
2.9980000002
2.998
3.0
3.0160000032
3.1040000048
3.1020000054
3.1480000058
3.0880000058
3.1080000098
3.1360000076
3.08400001
3.0780000024
3.096000009
3.1580000066
3.0820000078
3.0840000064
3.1540000082
3.0940000028
3.2180000124
3.068000005
3.040000003
3.1540000052
3.2060000088
3.1420000082
3.1020000052
3.0500000052
3.100000004
3.0800000058
3.250000009
3.0800000048
3.078000006
3.1220000066
3.1880000088
3.040000004
3.0980000046
3.0840000048
3.0980000064
3.2140000082
3.1640000016
3.184000001
3.3960000014
3.3580000022
3.5220000016
3.2420000016
3.298000001
3.4540000012
3.5320000014
3.258000002
3.4320000014
3.4180000008
3.3520000008
3.4700000012
3.2980000032
3.1420000018
3.4280000034
3.394000002
3.2520000012
3.2960000034
3.4320000014
3.4720000014
3.388000002
3.2820000024
3.4700000022
3.4760000014
3.444000002
3.4380000024
3.304000001
3.418000004
3.4260000014
3.5320000024
3.214000001
3.4340000008
3.5300000026
3.0080000008
2.9960000028
3.0080000018
3.0080000022
2.996
2.998
3.0000000002
3.0180000006
3.1160000124
3.0140000016
3.0160000034
3.0400000108
3.0100000012
3.0100000044
3.0240000016
3.0640000068
3.0340000034
3.0120000026
3.0580000042
3.0600000048
3.048000004
3.0860000084
3.0440000056
2.9720000038
3.158000008
3.12200001
3.1160000106
3.140000007
3.0200000034
3.0
3.0
3.0000000002
4.0040000042
3.6480000046
3.5840000046
3.3280000024
3.8780000042
3.8340000058
3.6000000042
3.6200000062
4.202000002
3.940000004
3.6460000052
3.6480000048
4.152000004
4.112000003
3.7300000036
3.8100000052
3.740000005
4.0300000052
4.0380000032
3.7780000044
4.232000002
3.4100000058
3.7980000046
3.7560000058
3.7400000052
3.864000004
4.0260000036
4.0620000028
4.0800000038
3.8420000038
3.9420000034
4.1620000024
3.976000003
4.0400000036
3.846000004
3.7760000036
3.774000004
4.0400000028
3.642000007
3.8080000042
3.5920000048
3.6020000042
3.6700000052
3.6080000056
3.5700000046
4.1500000032
3.7580000042
3.8920000032
3.782000004
3.932000004
3.602000004
3.9400000054
3.9780000058
3.7520000056
4.078000003
3.8560000042
4.0220000034
3.8760000056
3.718000005
3.7440000036
3.7060000056
3.4120000036
3.9320000028
3.5380000044
3.7620000054
3.6320000042
3.848000004
3.6480000036
3.6760000042
4.1500000038
4.0360000024
3.7000000042
4.1300000022
3.618000004
4.1260000032
3.5980000026
3.892000004
3.7540000056
3.5360000046
3.4520000036
3.6040000054
3.9640000056
3.792000004
3.6000000042
3.5440000044
3.7260000046
3.1920000108
3.0040000066
2.918000003
2.9320000068
3.0160000018
3.1700000108
2.8580000068
3.020000004
3.016000009
2.9920000072
3.2120000118
2.9660000076
2.9640000032
3.1020000108
2.9740000066
3.1440000108
2.8620000064
2.988000007
3.0000000082
3.1880000108
3.1460000118
3.0480000116
3.2500000116
2.9980000088
2.950000008
2.9400000064
3.0500000102
3.1500000128
3.0480000064
2.8900000074
3.0400000052
3.054000011
3.0
3.0040000002
3.0040000016
3.020000002
3.0140000024
3.008000001
3.0200000036
2.9880000024
3.0020000004
3.0
3.0040000002
3.0000000002
3.0080000014
3.008
3.0440000008
3.0240000004
3.0420000004
3.038000001
3.0180000004
3.0020000006
3.1100000074
3.132000005
3.0800000042
3.068000003
3.0720000038
3.0360000016
3.0860000036
3.1220000042
3.2680000062
3.304000006
3.3080000052
3.0460000016
3.0680000028
3.0160000008
3.1460000046
3.248000005
3.040000001
3.1400000044
3.0
3.0000000008
3.010000002
2.9700000036
2.9720000028
3.0300000062
2.9800000042
3.006000002
2.9720000014
3.0300000028
2.9820000046
3.0260000034
2.9800000028
2.9940000028
3.008000006
3.0240000066
2.9980000004
3.262000012
3.5300000096
3.238000013
3.1860000092
3.1500000098
3.1740000134
3.2340000112
3.2720000092
3.212000011
3.2260000106
3.0260000024
3.366000009
3.208000013
3.192000014
3.164000008
3.5240000124
3.1780000132
3.246000013
3.2280000134
3.0860000082
3.2200000112
3.0640000122
3.2600000108
3.3840000124
3.0620000078
3.2120000128
3.4280000136
3.1980000118
3.2420000128
3.156000006
3.0460000038
3.176000008
3.2720000084
3.290000011
3.2580000088
3.2660000132
3.1340000094
3.2900000114
3.1280000096
3.226000013
3.2540000086
3.1580000166
3.3820000132
3.1300000066
3.2000000114
3.1720000134
3.3280000096
3.1980000124
3.3500000122
3.0
3.232000008
3.1240000056
2.9840000042
3.086000005
3.052000002
3.0460000028
3.0600000046
3.0960000052
3.1300000076
3.0800000052
3.1940000076
3.0920000026
3.2140000068
3.110000005
3.2080000096
3.0440000018
3.1760000086
3.0620000044
3.0680000038
3.0360000008
3.2480000104
3.0780000044
3.122000005
3.0360000028
3.042000002
3.0540000016
3.0060000004
3.0520000024
3.1580000026
3.1500000038
3.0340000024
3.0560000024
3.1640000022
3.128000003
3.1760000028
3.0600000022
3.0040000008
3.0140000008
3.0040000006
3.0060000006
3.0
2.9960000016
2.9880000006
2.9860000012
2.9960000002
2.998
3.0120000014
3.0440000076
3.0060000006
3.0540000046
3.0700000034
3.038000005
3.2040000058
3.1540000074
3.2220000106
3.1120000062
3.0740000086
3.0740000056
3.0460000032
3.0340000024
3.0800000046
3.096000003
3.2400000092
3.1160000038
3.0980000052
3.0380000032
3.0020000004
3.0300000024
3.0220000042
3.0460000052
2.9960000006
3.018000002
2.9980000002
3.0060000002
3.0600000028
3.0140000014
3.0000000008
3.0
2.964000001
2.9980000004
2.9640000008
2.9840000002
2.996000003
3.0060000008
3.0180000006
3.0020000004
3.006
2.9940000004
2.9980000016
3.0180000024
3.0440000042
3.028000004
3.0340000048
3.0080000012
3.0480000036
3.0520000026
2.9960000006
2.9960000002
2.9920000014
2.9940000018
2.994000001
2.9900000008
3.0080000034
2.982000001
3.0140000004
3.0100000006
3.0220000006
3.0020000006
2.9960000004
3.024
3.004
3.0060000018
2.9880000022
2.9940000014
3.0040000038
2.986000002
3.0100000038
3.09800001
3.0120000054
3.0960000098
3.0080000048
3.006
3.0000000002
3.2060000112
3.0940000068
3.238000008
3.1180000054
3.0120000048
3.040000007
3.0300000028
3.2380000092
3.0880000066
3.2280000104
3.092000007
3.2460000094
3.0180000018
3.0960000066
3.270000011
3.2420000076
3.0580000066
3.0860000082
3.090000006
3.0640000112
3.1460000062
3.2560000088
3.0720000042
3.0420000062
3.2600000094
3.0100000006
2.9960000012
3.2440000106
2.994
3.0240000004
3.32000001
3.1160000104
3.1980000108
3.3520000096
3.2240000114
3.162000008
3.0640000112
3.5500000082
3.2160000098
3.234000011
3.0360000088
3.1120000094
3.2180000092
3.2380000112
3.3020000102
3.196000009
3.1820000086
3.2320000102
3.1180000078
3.208000009
3.1720000108
3.484000011
3.2680000104
3.3200000102
3.26200001
3.0460000122
3.0400000054
3.2700000114
3.186000012
3.220000011
3.2160000112
3.2000000104
3.2600000088
3.2540000088
3.1780000084
3.1360000088
3.3740000116
3.3960000094
3.2440000084
3.19800001
3.158000013
3.2320000096
3.2500000102
3.4620000114
3.4340000098
3.23200001
3.226000011
3.1380000076
3.2880000084
3.4500000108
3.3900000096
3.0960000078
3.2420000096
3.2460000094
3.2340000082
3.116000012
3.2000000108
3.1500000084
3.1860000088
3.2800000096
3.0640000106
3.0340000104
3.1760000094
3.1080000092
3.3080000118
3.2020000108
3.228000011
3.2980000092
3.1020000086
3.2860000096
3.1840000092
3.256000009
3.1140000068
3.0920000092
3.2660000098
3.1020000112
3.1680000082
3.3080000118
3.13600001
3.0840000074
3.15400001
3.334000011
3.2400000106
3.326000012
3.262000007
3.0940000092
3.0920000056
3.2480000122
3.1720000088
3.2080000116
3.4300000102
3.022000011
3.302000011
3.0980000092
3.1400000062
3.008
3.002
3.002
3.0
3.0
3.0
3.0300000034
3.0480000058
3.0680000078
3.0120000018
3.0420000038
3.0520000066
3.0300000018
3.024000002
3.13800001
3.1180000096
3.1700000116
3.1520000096
3.0160000024
3.150000011
3.0780000072
3.1360000092
2.9660000046
3.0880000054
3.0220000032
3.0120000022
3.0200000016
3.0280000024
3.0260000022
3.004
3.0720000042
3.0880000036
2.9920000018
3.0420000036
3.0520000026
2.9560000028
2.9640000016
3.0440000038
3.0300000038
3.0380000026
3.0080000028
3.1200000062
3.048000003
3.0200000008
3.0020000008
3.008000001
3.0060000002
3.0400000088
3.0100000034
3.0140000018
3.0420000044
3.042000006
3.0120000004
3.138000011
3.1180000088
3.022000001
3.18600001
3.0860000104
3.036000002
3.030000003
3.0360000044
3.0280000074
3.034000003
3.0340000046
3.0280000022
3.0040000046
3.1240000106
3.0440000068
3.002
3.004
3.0000000002
3.040000007
3.0100000042
3.0020000012
3.0060000008
3.0100000028
3.014000004
3.0160000024
2.9980000002
3.0
3.0000000002
